1679
16500
0 41.8970 -87.6777 
a3a62566-a135-11e9-9cda-0a87ae2ba916 19 41.8986 -87.6219
a3b148bf-a135-11e9-9cda-0a87ae2ba916 11 41.8802 -87.7553
a3af460f-a135-11e9-9cda-0a87ae2ba916 18 41.9780 -87.6686
a3b13e66-a135-11e9-9cda-0a87ae2ba916 11 41.8721 -87.7466
1879436840905128284 15 41.7389 -87.6955
430d5876-c44d-446e-ac53-065da9fb9c17 12 41.8836 -87.6486
a3b0fae6-a135-11e9-9cda-0a87ae2ba916 15 42.0127 -87.6661
a3afd294-a135-11e9-9cda-0a87ae2ba916 15 41.9452 -87.7066
a3ae87fa-a135-11e9-9cda-0a87ae2ba916 23 42.0010 -87.6612
a60781db-2bec-4a15-a4a2-363297aefcec 15 41.7616 -87.6442
a3ac7444-a135-11e9-9cda-0a87ae2ba916 15 41.8994 -87.6485
a3a547b8-a135-11e9-9cda-0a87ae2ba916 15 41.7809 -87.5763
1871993715238611622 15 41.9169 -87.7672
a3b29fae-a135-11e9-9cda-0a87ae2ba916 11 41.7466 -87.5860
a3af5d1c-a135-11e9-9cda-0a87ae2ba916 15 42.0086 -87.6905
1850866657089146912 19 41.7879 -87.5905
a3b23785-a135-11e9-9cda-0a87ae2ba916 11 41.7794 -87.6648
a3b2d7d9-a135-11e9-9cda-0a87ae2ba916 11 41.8057 -87.6834
a3acdae2-a135-11e9-9cda-0a87ae2ba916 11 41.7801 -87.6297
a3aa8ca0-a135-11e9-9cda-0a87ae2ba916 15 41.9542 -87.6644
a3ac35ed-a135-11e9-9cda-0a87ae2ba916 11 41.7735 -87.5771
a3b481e1-a135-11e9-9cda-0a87ae2ba916 15 41.8992 -87.6722
a3afbe2e-a135-11e9-9cda-0a87ae2ba916 15 41.9543 -87.6861
a3a48d5c-a135-11e9-9cda-0a87ae2ba916 23 41.9164 -87.6667
a3b11480-a135-11e9-9cda-0a87ae2ba916 11 41.8878 -87.7555
90011328-f7bd-4b7b-8f95-8204a0b50f27 11 41.8974 -87.6344
a3aa0bb7-a135-11e9-9cda-0a87ae2ba916 15 41.9784 -87.6598
a3a96aca-a135-11e9-9cda-0a87ae2ba916 11 41.8271 -87.6457
a3b477ac-a135-11e9-9cda-0a87ae2ba916 15 41.9799 -87.6819
a3afb401-a135-11e9-9cda-0a87ae2ba916 15 41.9540 -87.7191
a3a75885-a135-11e9-9cda-0a87ae2ba916 23 41.9013 -87.6774
a3ab9119-a135-11e9-9cda-0a87ae2ba916 47 41.9684 -87.6742
f0f9f5dc-3d3f-4a32-aa3e-b87566e44de9 15 41.7282 -87.6675
a3b2905a-a135-11e9-9cda-0a87ae2ba916 11 41.7520 -87.5521
a3afd7ab-a135-11e9-9cda-0a87ae2ba916 15 41.9466 -87.6946
a3a75d8a-a135-11e9-9cda-0a87ae2ba916 15 41.8310 -87.6268
a3aae35a-a135-11e9-9cda-0a87ae2ba916 15 41.8314 -87.6180
792ceba0-564f-4a2c-bcb5-90da781ffeef 15 41.7218 -87.6229
1871992980799203880 15 41.7497 -87.6939
a3a8804b-a135-11e9-9cda-0a87ae2ba916 19 41.9547 -87.6739
a3a8855c-a135-11e9-9cda-0a87ae2ba916 23 41.9610 -87.6496
a3a80512-a135-11e9-9cda-0a87ae2ba916 19 41.9160 -87.6773
a3a854bf-a135-11e9-9cda-0a87ae2ba916 15 41.9076 -87.6386
a3a7f0ba-a135-11e9-9cda-0a87ae2ba916 15 41.8814 -87.6749
a3addda0-a135-11e9-9cda-0a87ae2ba916 11 41.8482 -87.7054
a3b3915a-a135-11e9-9cda-0a87ae2ba916 19 41.8776 -87.6739
a3b01a86-a135-11e9-9cda-0a87ae2ba916 15 41.9246 -87.6893
a3a965b2-a135-11e9-9cda-0a87ae2ba916 15 41.8715 -87.6699
a3a82c6c-a135-11e9-9cda-0a87ae2ba916 23 41.9481 -87.6639
a3ac7e9a-a135-11e9-9cda-0a87ae2ba916 15 41.8307 -87.6562
a3acea44-a135-11e9-9cda-0a87ae2ba916 11 41.7655 -87.6169
1799277526470631980 14 41.9524 -87.6773
a3a528d0-a135-11e9-9cda-0a87ae2ba916 11 41.7789 -87.5866
a3a97a01-a135-11e9-9cda-0a87ae2ba916 15 41.8230 -87.6071
a3a3f0c6-a135-11e9-9cda-0a87ae2ba916 15 41.9147 -87.6433
a3b1d532-a135-11e9-9cda-0a87ae2ba916 11 41.8803 -87.7745
a3a4ac3f-a135-11e9-9cda-0a87ae2ba916 27 41.9256 -87.6537
a3b20960-a135-11e9-9cda-0a87ae2ba916 7 41.8009 -87.6747
a3b00b3a-a135-11e9-9cda-0a87ae2ba916 15 41.9319 -87.7012
94788869-1849-43f6-99e1-2eacbc3fab03 20 41.8855 -87.6523
a3b3634c-a135-11e9-9cda-0a87ae2ba916 15 41.8841 -87.6543
732c9f35-0c82-4128-acc3-2cf447298b1d 15 41.6687 -87.6371
a3b13836-a135-11e9-9cda-0a87ae2ba916 11 41.8807 -87.7410
a3a62fc9-a135-11e9-9cda-0a87ae2ba916 15 41.8457 -87.6225
a3a72012-a135-11e9-9cda-0a87ae2ba916 11 41.9023 -87.6277
4843d153-c725-4230-a4c7-402da6a62143 12 41.9434 -87.6707
a3ad4d1b-a135-11e9-9cda-0a87ae2ba916 15 41.8141 -87.5970
ff21c158-de98-46c6-9ef7-7082bdb7c634 15 41.6485 -87.5461
a3a5a9d0-a135-11e9-9cda-0a87ae2ba916 19 41.8026 -87.5904
a3b222fc-a135-11e9-9cda-0a87ae2ba916 11 41.7942 -87.6551
a3ad8072-a135-11e9-9cda-0a87ae2ba916 31 41.7915 -87.5999
a3a3e67b-a135-11e9-9cda-0a87ae2ba916 31 41.8908 -87.6186
a3a5de24-a135-11e9-9cda-0a87ae2ba916 15 41.9406 -87.6694
a3a6c38e-a135-11e9-9cda-0a87ae2ba916 19 41.9358 -87.6636
a3aaa68b-a135-11e9-9cda-0a87ae2ba916 19 41.9695 -87.6547
a3acb1de-a135-11e9-9cda-0a87ae2ba916 11 41.8845 -87.6963
a3a5f5e6-a135-11e9-9cda-0a87ae2ba916 11 41.8538 -87.6466
1862806445904101456 37 41.8767 -87.6205
a3b419d9-a135-11e9-9cda-0a87ae2ba916 15 41.8956 -87.6721
a3b22d3d-a135-11e9-9cda-0a87ae2ba916 11 41.7859 -87.6741
a3a3b202-a135-11e9-9cda-0a87ae2ba916 15 41.9099 -87.6699
da9e6779-5056-4d45-bae3-9dc325ed2807 11 41.6992 -87.6689
a3a79adb-a135-11e9-9cda-0a87ae2ba916 27 41.8819 -87.6493
a3af8123-a135-11e9-9cda-0a87ae2ba916 15 41.9684 -87.7118
a3a3b731-a135-11e9-9cda-0a87ae2ba916 23 41.9031 -87.6739
a3a9c5f7-a135-11e9-9cda-0a87ae2ba916 7 41.8485 -87.6851
759171ce-f355-4740-948d-e14bb8f7dc0e 15 41.6518 -87.5407
a3af2c5f-a135-11e9-9cda-0a87ae2ba916 19 41.9897 -87.6601
a3a565b1-a135-11e9-9cda-0a87ae2ba916 19 41.8718 -87.6466
a3ac3b03-a135-11e9-9cda-0a87ae2ba916 15 42.0126 -87.6744
a3a76cb6-a135-11e9-9cda-0a87ae2ba916 15 41.9253 -87.6658
a3aa4017-a135-11e9-9cda-0a87ae2ba916 15 41.9491 -87.6486
1869054242749504212 15 41.9427 -87.7396
a3b47cbc-a135-11e9-9cda-0a87ae2ba916 15 41.8860 -87.6770
a3a614ad-a135-11e9-9cda-0a87ae2ba916 31 41.8945 -87.6179
1882466626513795782 15 41.9743 -87.7331
a3b23cb8-a135-11e9-9cda-0a87ae2ba916 11 41.7754 -87.6543
a3b48c07-a135-11e9-9cda-0a87ae2ba916 19 41.8955 -87.6820
a3a8999a-a135-11e9-9cda-0a87ae2ba916 31 41.9640 -87.6382
a3a795d7-a135-11e9-9cda-0a87ae2ba916 19 41.8821 -87.6251
a3b2c87c-a135-11e9-9cda-0a87ae2ba916 15 41.9471 -87.7400
a3ad7636-a135-11e9-9cda-0a87ae2ba916 11 41.7934 -87.6159
1867616662773391950 15 41.9175 -87.7290
a3ab86b6-a135-11e9-9cda-0a87ae2ba916 23 41.8713 -87.6737
a3b2be3a-a135-11e9-9cda-0a87ae2ba916 11 41.9545 -87.7496
a21de1a5-f5bc-4b50-8a13-aa28b7dcfa95 15 41.7197 -87.6430
a3ad2d57-a135-11e9-9cda-0a87ae2ba916 11 41.8230 -87.6266
a3a5700b-a135-11e9-9cda-0a87ae2ba916 27 41.8940 -87.6293
a3a59ec3-a135-11e9-9cda-0a87ae2ba916 19 41.8859 -87.6672
a3b4399a-a135-11e9-9cda-0a87ae2ba916 15 41.8920 -87.6894
a3a3ace6-a135-11e9-9cda-0a87ae2ba916 15 41.8582 -87.6565
a3a99d47-a135-11e9-9cda-0a87ae2ba916 23 41.8578 -87.6245
a3b24701-a135-11e9-9cda-0a87ae2ba916 11 41.7593 -87.6736
a3a497b6-a135-11e9-9cda-0a87ae2ba916 19 41.9106 -87.6494
a3a41004-a135-11e9-9cda-0a87ae2ba916 15 41.9268 -87.6344
a3ac9d43-a135-11e9-9cda-0a87ae2ba916 23 41.8984 -87.6866
a3b2862e-a135-11e9-9cda-0a87ae2ba916 11 41.7518 -87.5785
a3af9a83-a135-11e9-9cda-0a87ae2ba916 15 41.9612 -87.7166
a3a3a282-a135-11e9-9cda-0a87ae2ba916 35 41.9324 -87.6527
a3a83ba1-a135-11e9-9cda-0a87ae2ba916 19 41.9211 -87.6728
a3b2d2b7-a135-11e9-9cda-0a87ae2ba916 11 41.7875 -87.6449
a3b1c47b-a135-11e9-9cda-0a87ae2ba916 11 41.8730 -87.7645
a3a9c0f6-a135-11e9-9cda-0a87ae2ba916 11 41.8378 -87.6511
e63300bd-4ca3-4255-adfd-522289d68b8a 15 41.7415 -87.6584
a3aa35a4-a135-11e9-9cda-0a87ae2ba916 31 41.9287 -87.6538
a3af2737-a135-11e9-9cda-0a87ae2ba916 15 41.9909 -87.6697
a3ac1607-a135-11e9-9cda-0a87ae2ba916 15 41.8828 -87.6612
1850868044363584392 15 41.7879 -87.5989
a3a9b1d7-a135-11e9-9cda-0a87ae2ba916 15 41.8911 -87.6666
a3ad13e4-a135-11e9-9cda-0a87ae2ba916 11 41.8427 -87.6355
a3a62aad-a135-11e9-9cda-0a87ae2ba916 19 41.8779 -87.6620
a3ac30c5-a135-11e9-9cda-0a87ae2ba916 15 41.8030 -87.6066
a3b10a40-a135-11e9-9cda-0a87ae2ba916 11 41.8854 -87.7265
a3b1fa1c-a135-11e9-9cda-0a87ae2ba916 11 41.8082 -87.6772
a3a859c4-a135-11e9-9cda-0a87ae2ba916 19 41.8421 -87.6170
a3ad95a7-a135-11e9-9cda-0a87ae2ba916 15 41.7805 -87.6060
a3a9f76a-a135-11e9-9cda-0a87ae2ba916 15 41.9215 -87.7073
a3af52bc-a135-11e9-9cda-0a87ae2ba916 23 41.9716 -87.6502
a3a52df5-a135-11e9-9cda-0a87ae2ba916 23 41.8837 -87.6442
a3aabad8-a135-11e9-9cda-0a87ae2ba916 19 41.9215 -87.6538
a3a5d3bb-a135-11e9-9cda-0a87ae2ba916 15 41.8576 -87.6615
1866476559603607834 4 41.8924 -87.6124
a3ad8aa3-a135-11e9-9cda-0a87ae2ba916 15 41.7879 -87.5883
1754781885939323186 11 41.7805 -87.5869
a3b2f698-a135-11e9-9cda-0a87ae2ba916 15 42.0483 -87.6982
a3b30b06-a135-11e9-9cda-0a87ae2ba916 15 42.0582 -87.6774
22afe78c-e8f7-4a80-969e-7ddeafdf49da 15 41.7051 -87.6424
a3b2e20c-a135-11e9-9cda-0a87ae2ba916 15 42.0482 -87.6835
a3a6e866-a135-11e9-9cda-0a87ae2ba916 23 41.8958 -87.6259
a3b45e26-a135-11e9-9cda-0a87ae2ba916 11 41.7689 -87.6359
a3add889-a135-11e9-9cda-0a87ae2ba916 11 41.8481 -87.7151
a3a88a6d-a135-11e9-9cda-0a87ae2ba916 11 41.9561 -87.6688
a3af624c-a135-11e9-9cda-0a87ae2ba916 11 41.9837 -87.6964
a3b2810e-a135-11e9-9cda-0a87ae2ba916 11 41.7512 -87.5853
a3a6054c-a135-11e9-9cda-0a87ae2ba916 15 41.9046 -87.6406
a3a7d279-a135-11e9-9cda-0a87ae2ba916 11 41.8495 -87.6406
a3acacbc-a135-11e9-9cda-0a87ae2ba916 15 41.8846 -87.7063
a3a46896-a135-11e9-9cda-0a87ae2ba916 27 41.8843 -87.6340
a3b3686c-a135-11e9-9cda-0a87ae2ba916 15 41.9004 -87.6967
a3b25656-a135-11e9-9cda-0a87ae2ba916 11 41.7592 -87.5958
1869052846885132442 15 41.7607 -87.7023
a3a58ee0-a135-11e9-9cda-0a87ae2ba916 15 41.9155 -87.6870
a3b0d6ec-a135-11e9-9cda-0a87ae2ba916 11 42.0160 -87.6750
a3aa91f4-a135-11e9-9cda-0a87ae2ba916 15 41.9326 -87.6659
a3a57a52-a135-11e9-9cda-0a87ae2ba916 11 41.8832 -87.6487
a3b21de7-a135-11e9-9cda-0a87ae2ba916 11 41.7928 -87.6644
1870208802121658482 15 41.7579 -87.5494
a3aaca0e-a135-11e9-9cda-0a87ae2ba916 19 41.9462 -87.6733
a3ac7978-a135-11e9-9cda-0a87ae2ba916 11 41.8416 -87.6574
1866477298337982542 4 41.9101 -87.6823
a3a7af11-a135-11e9-9cda-0a87ae2ba916 15 41.8575 -87.6460
a3ac83bc-a135-11e9-9cda-0a87ae2ba916 15 41.8392 -87.6656
a3b00055-a135-11e9-9cda-0a87ae2ba916 15 41.9306 -87.7238
1861588043429399408 11 41.9971 -87.7112
a3a89488-a135-11e9-9cda-0a87ae2ba916 19 41.7953 -87.5965
a3a5b496-a135-11e9-9cda-0a87ae2ba916 15 41.9227 -87.6972
a3a6fcac-a135-11e9-9cda-0a87ae2ba916 23 41.9508 -87.6592
a3aff616-a135-11e9-9cda-0a87ae2ba916 15 41.9394 -87.7121
a3b35885-a135-11e9-9cda-0a87ae2ba916 11 41.9246 -87.7279
a3b22815-a135-11e9-9cda-0a87ae2ba916 11 41.7868 -87.6662
a3a61a0b-a135-11e9-9cda-0a87ae2ba916 15 41.9222 -87.6389
a3afc347-a135-11e9-9cda-0a87ae2ba916 19 41.9522 -87.6981
a3aca268-a135-11e9-9cda-0a87ae2ba916 11 41.8905 -87.7026
a3b11993-a135-11e9-9cda-0a87ae2ba916 11 41.8877 -87.7655
a3aa7373-a135-11e9-9cda-0a87ae2ba916 15 41.9579 -87.6736
a3a3f5e9-a135-11e9-9cda-0a87ae2ba916 15 41.9007 -87.6626
a3a45e3b-a135-11e9-9cda-0a87ae2ba916 39 41.8813 -87.6295
a3a7dc8c-a135-11e9-9cda-0a87ae2ba916 19 41.8943 -87.6228
a3b10f66-a135-11e9-9cda-0a87ae2ba916 11 41.8868 -87.7453
a3ad2843-a135-11e9-9cda-0a87ae2ba916 19 41.8313 -87.6088
a3b310ac-a135-11e9-9cda-0a87ae2ba916 15 42.0529 -87.6734
a3a44ec7-a135-11e9-9cda-0a87ae2ba916 19 41.8999 -87.6344
a3a5c440-a135-11e9-9cda-0a87ae2ba916 15 41.9120 -87.6319
a3b02ef1-a135-11e9-9cda-0a87ae2ba916 15 41.9097 -87.7166
a3ad1e12-a135-11e9-9cda-0a87ae2ba916 15 41.8345 -87.6318
a3b0f0b6-a135-11e9-9cda-0a87ae2ba916 15 42.0192 -87.6643
a3af2216-a135-11e9-9cda-0a87ae2ba916 11 41.9912 -87.6836
a3a3a7b4-a135-11e9-9cda-0a87ae2ba916 15 41.8581 -87.6511
a3a771c2-a135-11e9-9cda-0a87ae2ba916 14 41.9288 -87.6639
a3b1eaa7-a135-11e9-9cda-0a87ae2ba916 7 41.8236 -87.6509
a3a4c618-a135-11e9-9cda-0a87ae2ba916 19 41.8803 -87.6427
a3b377cb-a135-11e9-9cda-0a87ae2ba916 15 42.0346 -87.6992
a3b26acf-a135-11e9-9cda-0a87ae2ba916 11 41.7508 -87.6244
a3afb917-a135-11e9-9cda-0a87ae2ba916 15 41.9536 -87.7093
8995498f-1209-4b06-9317-01cd695b3b61 11 41.8910 -87.6355
a3a41526-a135-11e9-9cda-0a87ae2ba916 43 41.8923 -87.6120
a3a5af44-a135-11e9-9cda-0a87ae2ba916 15 41.8750 -87.6733
a3ac2671-a135-11e9-9cda-0a87ae2ba916 15 41.9291 -87.6491
a3a39301-a135-11e9-9cda-0a87ae2ba916 15 41.8288 -87.6806
a3a7cd56-a135-11e9-9cda-0a87ae2ba916 15 41.8549 -87.6636
a065d29d-a081-47f4-8d0f-9a572f6085fe 15 41.6870 -87.6211
a3a77c8d-a135-11e9-9cda-0a87ae2ba916 43 41.8793 -87.6399
a3b241df-a135-11e9-9cda-0a87ae2ba916 7 41.7741 -87.6638
a3a6e359-a135-11e9-9cda-0a87ae2ba916 15 41.9105 -87.6896
9e5ce0b6-198f-48fa-9363-64ab5ec2b222 23 41.7190 -87.6083
c4040b17-88bd-40ab-9aae-2655d6771580 15 41.7283 -87.5973
a3ad5c90-a135-11e9-9cda-0a87ae2ba916 15 41.8058 -87.5925
a3ab8bee-a135-11e9-9cda-0a87ae2ba916 15 41.9289 -87.6590
c1f104db-9ee7-4999-bd4a-ddd766c75e04 11 41.7046 -87.5282
a3b38728-a135-11e9-9cda-0a87ae2ba916 23 41.9146 -87.6680
a3b1efd6-a135-11e9-9cda-0a87ae2ba916 11 41.8140 -87.6666
a3aa4f80-a135-11e9-9cda-0a87ae2ba916 15 41.9208 -87.6637
1871990322214447924 15 41.9168 -87.7495
a3acd5b1-a135-11e9-9cda-0a87ae2ba916 11 41.7794 -87.6446
a3a6f7a5-a135-11e9-9cda-0a87ae2ba916 35 41.8858 -87.6355
1872721263815561908 15 41.7360 -87.6729
1871991855517771832 15 41.7508 -87.6827
391d5cd8-c87c-42f8-94df-823f94284005 15 41.7137 -87.5308
1861613253877461614 15 41.7644 -87.7101
c3f1be96-07c2-4c65-8a1d-f2203de88495 15 41.7525 -87.6439
a3a434ce-a135-11e9-9cda-0a87ae2ba916 19 41.8721 -87.6295
a3af956e-a135-11e9-9cda-0a87ae2ba916 15 41.9659 -87.6936
a3b1ff34-a135-11e9-9cda-0a87ae2ba916 11 41.8089 -87.6645
1863873159929715228 15 41.7465 -87.6731
a3b49122-a135-11e9-9cda-0a87ae2ba916 15 42.0046 -87.6614
a3a8711c-a135-11e9-9cda-0a87ae2ba916 19 41.8717 -87.6510
a3a9a778-a135-11e9-9cda-0a87ae2ba916 15 41.8652 -87.6665
a3a5a48b-a135-11e9-9cda-0a87ae2ba916 19 41.8531 -87.6319
a3a9acc5-a135-11e9-9cda-0a87ae2ba916 11 41.9100 -87.6972
a3aa10ca-a135-11e9-9cda-0a87ae2ba916 19 41.9738 -87.6597
1850867138125484782 11 41.7894 -87.5965
a3ad61c2-a135-11e9-9cda-0a87ae2ba916 19 41.8024 -87.5869
a3b453f2-a135-11e9-9cda-0a87ae2ba916 7 41.7799 -87.6509
8fd03909-317e-4b6c-b8e9-f4c28b4c90b1 15 41.6663 -87.5572
a3a49288-a135-11e9-9cda-0a87ae2ba916 23 41.8672 -87.6260
a3a46e71-a135-11e9-9cda-0a87ae2ba916 35 41.8860 -87.6244
7e435d2a-617e-4c3f-bed0-a8801c20f265 15 41.7314 -87.5857
a3a378ca-a135-11e9-9cda-0a87ae2ba916 23 41.8574 -87.6138
a3ad42c3-a135-11e9-9cda-0a87ae2ba916 11 41.8081 -87.6456
a3aca790-a135-11e9-9cda-0a87ae2ba916 27 41.8895 -87.6883
a3a3bc53-a135-11e9-9cda-0a87ae2ba916 15 41.8831 -87.6372
a3a42574-a135-11e9-9cda-0a87ae2ba916 35 41.8860 -87.6309
a3a64639-a135-11e9-9cda-0a87ae2ba916 15 41.9322 -87.6586
a3aa59bb-a135-11e9-9cda-0a87ae2ba916 11 41.9178 -87.6824
1867617341378224632 15 41.9679 -87.7304
a3b0d1d5-a135-11e9-9cda-0a87ae2ba916 19 42.0192 -87.6736
a3a88f84-a135-11e9-9cda-0a87ae2ba916 19 41.7952 -87.5807
a3b218cd-a135-11e9-9cda-0a87ae2ba916 11 41.7941 -87.6755
a3ad7b51-a135-11e9-9cda-0a87ae2ba916 11 41.7916 -87.6079
a3b2b92c-a135-11e9-9cda-0a87ae2ba916 11 41.7439 -87.5752
a3b29a90-a135-11e9-9cda-0a87ae2ba916 11 41.7445 -87.5651
1859717449875884116 15 41.7726 -87.7030
a3adbedf-a135-11e9-9cda-0a87ae2ba916 11 41.8665 -87.7065
1863873701095594368 15 41.7412 -87.6681
6fd280b0-74de-4a89-947d-3be40afa079c 15 41.6567 -87.5988
a3af5804-a135-11e9-9cda-0a87ae2ba916 11 42.0121 -87.6829
a3a4f993-a135-11e9-9cda-0a87ae2ba916 19 41.8964 -87.6610
a3a42a93-a135-11e9-9cda-0a87ae2ba916 23 41.8795 -87.6257
a3a8224f-a135-11e9-9cda-0a87ae2ba916 23 41.9199 -87.6488
a3ac4548-a135-11e9-9cda-0a87ae2ba916 15 41.7736 -87.5675
a3a4d069-a135-11e9-9cda-0a87ae2ba916 55 41.8772 -87.6394
a3a62025-a135-11e9-9cda-0a87ae2ba916 19 41.9218 -87.6441
a3a4f46b-a135-11e9-9cda-0a87ae2ba916 23 41.9010 -87.6238
a3b26084-a135-11e9-9cda-0a87ae2ba916 11 41.7584 -87.6141
a3aa5ed1-a135-11e9-9cda-0a87ae2ba916 11 41.9201 -87.6779
a3a4ea00-a135-11e9-9cda-0a87ae2ba916 39 41.8842 -87.6296
14d6e4b0-d0cc-4ccb-b757-e596d8c24a99 15 41.7028 -87.5597
a3b0eb93-a135-11e9-9cda-0a87ae2ba916 11 42.0195 -87.6696
a3b20e8a-a135-11e9-9cda-0a87ae2ba916 11 41.8030 -87.6647
1872721624592814362 15 41.9278 -87.7585
b43a9764-2b1d-4fa0-a13f-7e05eddc7fcd 23 41.6912 -87.6813
a3a3eb9a-a135-11e9-9cda-0a87ae2ba916 19 41.9102 -87.6435
87d2a090-22cd-471b-b622-fef3923999dd 15 41.7324 -87.6581
a3b46866-a135-11e9-9cda-0a87ae2ba916 11 41.7660 -87.6117
a3b300d3-a135-11e9-9cda-0a87ae2ba916 15 42.0643 -87.6862
a3b42a3e-a135-11e9-9cda-0a87ae2ba916 11 41.9499 -87.7139
a3a866a5-a135-11e9-9cda-0a87ae2ba916 19 41.9664 -87.6887
a3ad8587-a135-11e9-9cda-0a87ae2ba916 27 41.7917 -87.5839
1e7e4cf3-a16b-4cb7-9ead-fdd71e07ea77 15 41.7262 -87.5663
a3b3820c-a135-11e9-9cda-0a87ae2ba916 19 41.8949 -87.6323
a3b4728f-a135-11e9-9cda-0a87ae2ba916 11 41.8831 -87.6570
a3a5f0b8-a135-11e9-9cda-0a87ae2ba916 19 41.8776 -87.6496
a77136ee-060b-433b-88d0-ec74af1ef7ad 15 41.6923 -87.6426
625e37ea-24ea-4f13-9a54-6322466ec521 15 41.7365 -87.6013
a3b0bd42-a135-11e9-9cda-0a87ae2ba916 15 41.9140 -87.7051
61695579-2f75-4090-a071-c76079b5fb5d 7 41.7653 -87.6217
a3ab812d-a135-11e9-9cda-0a87ae2ba916 39 41.8661 -87.6073
a3b3968b-a135-11e9-9cda-0a87ae2ba916 15 41.9445 -87.6547
a3aab5c1-a135-11e9-9cda-0a87ae2ba916 19 41.9671 -87.6673
a3a5d8db-a135-11e9-9cda-0a87ae2ba916 19 41.9033 -87.6784
a3b372b1-a135-11e9-9cda-0a87ae2ba916 15 41.8763 -87.6292
a3ac9834-a135-11e9-9cda-0a87ae2ba916 11 41.8955 -87.7061
a3b28b4a-a135-11e9-9cda-0a87ae2ba916 11 41.7518 -87.5652
1775509322900183222 11 41.8843 -87.6589
a3b42f5f-a135-11e9-9cda-0a87ae2ba916 11 41.9142 -87.7168
1879437308430949172 15 41.7476 -87.7194
a3b41f78-a135-11e9-9cda-0a87ae2ba916 31 41.8783 -87.6410
a3a3983e-a135-11e9-9cda-0a87ae2ba916 11 41.7666 -87.5765
1861589903150238332 15 41.7647 -87.6931
a3afc858-a135-11e9-9cda-0a87ae2ba916 11 41.9463 -87.7310
a3a7be40-a135-11e9-9cda-0a87ae2ba916 15 41.8579 -87.6687
a3ada52f-a135-11e9-9cda-0a87ae2ba916 11 41.7801 -87.6159
a3af4b26-a135-11e9-9cda-0a87ae2ba916 15 41.9756 -87.6795
a3b4afb6-a135-11e9-9cda-0a87ae2ba916 15 41.9072 -87.6556
a3ac2b9c-a135-11e9-9cda-0a87ae2ba916 15 41.8960 -87.6677
a3b128de-a135-11e9-9cda-0a87ae2ba916 11 41.8809 -87.7279
a3ad523f-a135-11e9-9cda-0a87ae2ba916 15 41.8703 -87.6395
a3b2b419-a135-11e9-9cda-0a87ae2ba916 11 41.7434 -87.6228
a3b24c1f-a135-11e9-9cda-0a87ae2ba916 11 41.7689 -87.6529
a3afa4c3-a135-11e9-9cda-0a87ae2ba916 15 41.9611 -87.6954
a3a6ce53-a135-11e9-9cda-0a87ae2ba916 15 41.9365 -87.6475
a3b49b4c-a135-11e9-9cda-0a87ae2ba916 15 42.0235 -87.6996
a3b0f5c9-a135-11e9-9cda-0a87ae2ba916 7 41.8949 -87.7747
a3aa0699-a135-11e9-9cda-0a87ae2ba916 23 41.9652 -87.6581
a3a3c174-a135-11e9-9cda-0a87ae2ba916 15 41.8690 -87.6591
9e1fbaaa-e872-4505-ada6-5080e62bef77 31 41.9239 -87.6358
6997d1fb-9887-4c15-b5db-524d45a2f101 15 41.7592 -87.6635
3d1da4c7-23c9-4731-81f5-91db08f6c97f 15 41.7223 -87.5790
0eeb6baf-c653-4a1a-af17-99f686116b89 15 41.6913 -87.7129
a3aaf7bc-a135-11e9-9cda-0a87ae2ba916 11 41.8382 -87.6451
a3af8642-a135-11e9-9cda-0a87ae2ba916 15 41.9690 -87.6960
a3af6c2f-a135-11e9-9cda-0a87ae2ba916 15 41.9804 -87.7161
a3a781a6-a135-11e9-9cda-0a87ae2ba916 11 41.8417 -87.6269
a3a589b9-a135-11e9-9cda-0a87ae2ba916 23 41.9363 -87.6527
a3a513e9-a135-11e9-9cda-0a87ae2ba916 31 41.8834 -87.6412
a3ada002-a135-11e9-9cda-0a87ae2ba916 11 41.7737 -87.6056
a3b43eb7-a135-11e9-9cda-0a87ae2ba916 11 41.8686 -87.6862
a3af9f99-a135-11e9-9cda-0a87ae2ba916 11 41.9610 -87.7059
a3aac4f9-a135-11e9-9cda-0a87ae2ba916 23 41.9326 -87.6364
a3a59915-a135-11e9-9cda-0a87ae2ba916 19 41.9114 -87.6387
bbf9b599-1873-4133-b670-a0ef9e5c429c 15 41.7522 -87.6637
a3a55b3e-a135-11e9-9cda-0a87ae2ba916 27 41.8974 -87.6287
a3b1cf80-a135-11e9-9cda-0a87ae2ba916 11 41.8758 -87.7553
a3a37378-a135-11e9-9cda-0a87ae2ba916 55 41.8672 -87.6154
1867616044298100822 15 41.9102 -87.7238
bc4d498d-c272-4474-beca-10e5268e7253 15 41.7276 -87.6348
1863878044896486356 15 41.9127 -87.7436
a3a5ce97-a135-11e9-9cda-0a87ae2ba916 19 41.8958 -87.6772
6849c4e2-cffa-432b-8d83-5c0524594b4f 15 41.7337 -87.5583
a3a6f2a2-a135-11e9-9cda-0a87ae2ba916 15 41.9319 -87.6779
a3a503e5-a135-11e9-9cda-0a87ae2ba916 19 41.8841 -87.6569
87c01e57-8a00-430d-9eb3-2abe51e535dd 15 41.7001 -87.6123
a3a4cb42-a135-11e9-9cda-0a87ae2ba916 23 41.8938 -87.6417
a3acef62-a135-11e9-9cda-0a87ae2ba916 15 41.8708 -87.6312
a3aa692e-a135-11e9-9cda-0a87ae2ba916 15 41.9579 -87.6495
a3a593fc-a135-11e9-9cda-0a87ae2ba916 27 41.9402 -87.6529
a3ad711d-a135-11e9-9cda-0a87ae2ba916 19 41.7943 -87.6014
a3af76f8-a135-11e9-9cda-0a87ae2ba916 15 41.9756 -87.7014
a3aa2abb-a135-11e9-9cda-0a87ae2ba916 19 41.9376 -87.6441
a3aa9732-a135-11e9-9cda-0a87ae2ba916 19 41.8722 -87.6614
a3a3e158-a135-11e9-9cda-0a87ae2ba916 23 41.8977 -87.6235
a3ae82e0-a135-11e9-9cda-0a87ae2ba916 11 42.0018 -87.6888
1861594737501366386 15 41.7645 -87.7200
1869036027793202092 15 41.9240 -87.7512
a3a9da3b-a135-11e9-9cda-0a87ae2ba916 19 41.8899 -87.6715
a3a56075-a135-11e9-9cda-0a87ae2ba916 27 41.8781 -87.6439
a3a94bc8-a135-11e9-9cda-0a87ae2ba916 15 41.9528 -87.6500
a3b2e72c-a135-11e9-9cda-0a87ae2ba916 15 42.0326 -87.6791
a3b37ce0-a135-11e9-9cda-0a87ae2ba916 19 41.8675 -87.6322
a3b0dc1f-a135-11e9-9cda-0a87ae2ba916 11 41.8855 -87.7169
a3ade2c3-a135-11e9-9cda-0a87ae2ba916 11 41.8491 -87.6951
a3a9e44a-a135-11e9-9cda-0a87ae2ba916 31 41.8803 -87.6352
98fe78dc-4efa-4b39-a47c-0d94abcdb221 11 41.7127 -87.5348
a3a4591a-a135-11e9-9cda-0a87ae2ba916 43 41.8978 -87.6429
a3b4a579-a135-11e9-9cda-0a87ae2ba916 15 41.9394 -87.6833
a3b4aa91-a135-11e9-9cda-0a87ae2ba916 7 41.7474 -87.5800
a3aa9c65-a135-11e9-9cda-0a87ae2ba916 19 41.8708 -87.6257
a3ad9ad9-a135-11e9-9cda-0a87ae2ba916 11 41.7804 -87.5914
7dc58bb9-24de-4544-9a12-c3975139370f 15 41.6950 -87.5987
a3a9d529-a135-11e9-9cda-0a87ae2ba916 23 41.8780 -87.6241
a3a86c05-a135-11e9-9cda-0a87ae2ba916 27 41.9542 -87.6544
a3a5eb69-a135-11e9-9cda-0a87ae2ba916 31 41.8892 -87.6385
a3a4daa1-a135-11e9-9cda-0a87ae2ba916 27 41.8828 -87.6412
a3a7258b-a135-11e9-9cda-0a87ae2ba916 15 41.8969 -87.6218
a3a9bbf0-a135-11e9-9cda-0a87ae2ba916 15 41.8307 -87.6472
a3b486f2-a135-11e9-9cda-0a87ae2ba916 15 41.9030 -87.6838
a3a57527-a135-11e9-9cda-0a87ae2ba916 27 41.8947 -87.6384
a3a78bc0-a135-11e9-9cda-0a87ae2ba916 55 41.8847 -87.6195
a3a38363-a135-11e9-9cda-0a87ae2ba916 39 41.8870 -87.6128
a3a5e353-a135-11e9-9cda-0a87ae2ba916 15 41.8501 -87.6321
a3a37e26-a135-11e9-9cda-0a87ae2ba916 23 41.8741 -87.6277
a3a4bbba-a135-11e9-9cda-0a87ae2ba916 23 41.8858 -87.6510
a3a9ecff-a135-11e9-9cda-0a87ae2ba916 15 41.9181 -87.6437
a3a85eda-a135-11e9-9cda-0a87ae2ba916 15 41.9614 -87.6762
a3a4c0df-a135-11e9-9cda-0a87ae2ba916 39 41.8604 -87.6258
a3a405a1-a135-11e9-9cda-0a87ae2ba916 19 41.8746 -87.6570
a3add365-a135-11e9-9cda-0a87ae2ba916 11 41.8535 -87.7051
a3b2dcf0-a135-11e9-9cda-0a87ae2ba916 11 41.7366 -87.6226
a3aa7db3-a135-11e9-9cda-0a87ae2ba916 19 41.9633 -87.6793
a3a40ad8-a135-11e9-9cda-0a87ae2ba916 27 41.8772 -87.6278
34dc92b5-7cb7-4536-856b-46644d31b48c 15 41.6706 -87.6226
a3b2659d-a135-11e9-9cda-0a87ae2ba916 11 41.7570 -87.6246
a3ac4a7c-a135-11e9-9cda-0a87ae2ba916 11 41.7665 -87.5865
ad9f8858-dc27-43ca-8fdc-78044b22f1fc 15 41.7122 -87.6677
a3a482fb-a135-11e9-9cda-0a87ae2ba916 27 41.8887 -87.6444
a3a3d1b8-a135-11e9-9cda-0a87ae2ba916 15 41.8695 -87.6555
a3ad6c01-a135-11e9-9cda-0a87ae2ba916 15 41.7995 -87.5864
a3b424f6-a135-11e9-9cda-0a87ae2ba916 15 41.9658 -87.6454
1861997616150114834 15 41.9345 -87.7338
a3af1767-a135-11e9-9cda-0a87ae2ba916 23 41.9948 -87.6603
1867227665093179888 15 41.9679 -87.7400
a3b1db23-a135-11e9-9cda-0a87ae2ba916 11 41.8779 -87.7357
a3a39d55-a135-11e9-9cda-0a87ae2ba916 15 41.7664 -87.5657
2f5957e4-e83a-4d5a-b073-ec9422989315 15 41.7133 -87.5511
a3a50ec8-a135-11e9-9cda-0a87ae2ba916 47 41.8810 -87.6241
a3b38c3f-a135-11e9-9cda-0a87ae2ba916 15 41.9611 -87.7357
a3a8275e-a135-11e9-9cda-0a87ae2ba916 15 41.9397 -87.6589
a3acfa38-a135-11e9-9cda-0a87ae2ba916 11 41.7588 -87.5664
a3a7a4fc-a135-11e9-9cda-0a87ae2ba916 11 41.8099 -87.6163
a3a7e19b-a135-11e9-9cda-0a87ae2ba916 31 41.8899 -87.6343
a3a9a24f-a135-11e9-9cda-0a87ae2ba916 15 41.8613 -87.6566
a3adce47-a135-11e9-9cda-0a87ae2ba916 15 41.8541 -87.7151
a3b143aa-a135-11e9-9cda-0a87ae2ba916 11 41.8776 -87.7454
a3b0104c-a135-11e9-9cda-0a87ae2ba916 15 41.9267 -87.6977
a3b0e657-a135-11e9-9cda-0a87ae2ba916 19 42.0160 -87.6686
a3a7b936-a135-11e9-9cda-0a87ae2ba916 11 41.7949 -87.6187
a3a53843-a135-11e9-9cda-0a87ae2ba916 15 41.8827 -87.6325
a3afe6ed-a135-11e9-9cda-0a87ae2ba916 15 41.9822 -87.7089
ce334dea-c5ba-45ca-a52d-39dc161683b0 15 41.6584 -87.6107
a3aad940-a135-11e9-9cda-0a87ae2ba916 15 41.9071 -87.6673
a3af9064-a135-11e9-9cda-0a87ae2ba916 11 41.9659 -87.7008
a3a453fa-a135-11e9-9cda-0a87ae2ba916 31 41.8894 -87.6271
a3a974e1-a135-11e9-9cda-0a87ae2ba916 19 41.8868 -87.6223
a3acd078-a135-11e9-9cda-0a87ae2ba916 11 41.7929 -87.6450
a3acbc0b-a135-11e9-9cda-0a87ae2ba916 19 41.8747 -87.6864
a3a7c341-a135-11e9-9cda-0a87ae2ba916 15 41.8472 -87.6468
a3a4d588-a135-11e9-9cda-0a87ae2ba916 39 41.8810 -87.6167
a3af1cec-a135-11e9-9cda-0a87ae2ba916 11 41.9902 -87.6934
4b4b0d88-80e0-4ef9-a8d1-cdd6a16722f9 15 41.7134 -87.5658
a3b2956a-a135-11e9-9cda-0a87ae2ba916 11 41.7446 -87.5512
a3a786ac-a135-11e9-9cda-0a87ae2ba916 19 41.8869 -87.6260
a3a43f48-a135-11e9-9cda-0a87ae2ba916 43 41.8840 -87.6247
0f9b826b-8885-4c25-96fd-9e2c2074c34e 15 41.7046 -87.6812
a3a6d371-a135-11e9-9cda-0a87ae2ba916 15 41.9367 -87.6368
a3a4ef26-a135-11e9-9cda-0a87ae2ba916 19 41.8916 -87.6484
a3adaa52-a135-11e9-9cda-0a87ae2ba916 11 41.7841 -87.6145
080ab938-2c1b-4fcf-a83d-74c5ae6ff305 15 41.6917 -87.6100
b8c74f86-2873-4818-88ac-81d9ae374add 20 41.8387 -87.6088
a3acdff9-a135-11e9-9cda-0a87ae2ba916 11 41.7691 -87.6446
a3a51934-a135-11e9-9cda-0a87ae2ba916 19 41.8946 -87.6534
a3ae8d13-a135-11e9-9cda-0a87ae2ba916 11 41.9942 -87.6894
1ce9b7b2-6ef1-4e3b-abd4-85dedaf0ee65 7 41.8966 -87.6286
a3afcd70-a135-11e9-9cda-0a87ae2ba916 15 41.9473 -87.7176
1872722290312745226 15 41.7404 -87.7219
a3aa453c-a135-11e9-9cda-0a87ae2ba916 23 41.9029 -87.6873
a3ad3d08-a135-11e9-9cda-0a87ae2ba916 15 41.8167 -87.6194
a3b2a9e7-a135-11e9-9cda-0a87ae2ba916 11 41.7434 -87.6048
a3a7aa0e-a135-11e9-9cda-0a87ae2ba916 11 41.8217 -87.6216
a3b01f9c-a135-11e9-9cda-0a87ae2ba916 15 41.9241 -87.6765
a3acc133-a135-11e9-9cda-0a87ae2ba916 31 41.8731 -87.6691
a3a53324-a135-11e9-9cda-0a87ae2ba916 55 41.8653 -87.6179
a3a46361-a135-11e9-9cda-0a87ae2ba916 35 41.8759 -87.6306
a3ad5764-a135-11e9-9cda-0a87ae2ba916 11 41.8023 -87.6181
d6456ded-180b-4d6e-b020-3aa80bce5c2c 15 41.7378 -87.6449
a3a47dde-a135-11e9-9cda-0a87ae2ba916 23 41.8673 -87.6486
532a6e43-6efc-4c87-81a8-c75dfd8e8fde 16 41.8532 -87.6319
a3ae7dc3-a135-11e9-9cda-0a87ae2ba916 15 42.0045 -87.6724
8759a858-d7eb-4382-b38f-2223c3f9e25d 14 41.6859 -87.5738
a3a523a6-a135-11e9-9cda-0a87ae2ba916 31 41.9183 -87.6363
a3a53d70-a135-11e9-9cda-0a87ae2ba916 19 41.8926 -87.6173
aea853ed-c70c-4b1b-a7a8-d33869d8d58d 15 41.6849 -87.6453
a3b2044b-a135-11e9-9cda-0a87ae2ba916 11 41.8084 -87.6565
a3a72fc4-a135-11e9-9cda-0a87ae2ba916 19 41.8727 -87.6335
a3a49cd7-a135-11e9-9cda-0a87ae2ba916 19 41.9077 -87.6726
a3a43a25-a135-11e9-9cda-0a87ae2ba916 11 41.8526 -87.6265
a3a4e4e3-a135-11e9-9cda-0a87ae2ba916 19 41.8804 -87.6555
7c56e4d5-92ee-4129-9a3a-d2ce89eab31d 15 41.6918 -87.5304
a3aacf29-a135-11e9-9cda-0a87ae2ba916 27 41.9097 -87.6481
a3a57f6b-a135-11e9-9cda-0a87ae2ba916 15 41.9733 -87.6548
1890604055552786620 15 41.9349 -87.7668
a3b0060d-a135-11e9-9cda-0a87ae2ba916 15 41.9353 -87.7169
a3ae78ab-a135-11e9-9cda-0a87ae2ba916 11 42.0045 -87.6807
1871992684446460008 15 41.9224 -87.7390
a3ad0ecb-a135-11e9-9cda-0a87ae2ba916 11 41.7657 -87.6050
a3aade4c-a135-11e9-9cda-0a87ae2ba916 19 41.9408 -87.6392
8a677aec-442b-47b8-aff7-50852e1d26c0 11 41.6924 -87.7010
10327d47-3c3a-433e-9e38-80638da64232 15 41.7072 -87.6185
a3a50991-a135-11e9-9cda-0a87ae2ba916 31 41.8750 -87.6331
1789242536879942642 19 41.8869 -87.6481
a3ad327e-a135-11e9-9cda-0a87ae2ba916 11 41.8191 -87.6433
a3a87631-a135-11e9-9cda-0a87ae2ba916 15 41.9671 -87.6790
a3a5b9d3-a135-11e9-9cda-0a87ae2ba916 15 41.8550 -87.6757
a3adb9a3-a135-11e9-9cda-0a87ae2ba916 19 41.8665 -87.6847
1863877673940343638 15 41.7716 -87.6933
a3aa259c-a135-11e9-9cda-0a87ae2ba916 15 41.9437 -87.6489
a3a9309d-a135-11e9-9cda-0a87ae2ba916 15 41.9680 -87.6500
a3b43478-a135-11e9-9cda-0a87ae2ba916 7 41.8947 -87.7569
a3ad66e6-a135-11e9-9cda-0a87ae2ba916 11 41.7993 -87.6010
a3a478c9-a135-11e9-9cda-0a87ae2ba916 19 41.8964 -87.6541
a3a7c852-a135-11e9-9cda-0a87ae2ba916 15 41.8436 -87.6454
a3a4b164-a135-11e9-9cda-0a87ae2ba916 23 41.8759 -87.6408
a3aa6e51-a135-11e9-9cda-0a87ae2ba916 19 41.9259 -87.6390
1866476160171649058 12 41.8492 -87.6756
a3a734ce-a135-11e9-9cda-0a87ae2ba916 39 41.9030 -87.6313
a3ae923d-a135-11e9-9cda-0a87ae2ba916 15 41.9992 -87.6712
1890604506489868740 15 41.9310 -87.7698
a3accb60-a135-11e9-9cda-0a87ae2ba916 11 41.7950 -87.6331
a3acc649-a135-11e9-9cda-0a87ae2ba916 11 41.8018 -87.6452
a3a72aad-a135-11e9-9cda-0a87ae2ba916 27 41.8824 -87.6398
a3a3dc37-a135-11e9-9cda-0a87ae2ba916 15 41.8918 -87.6206
a3a73ef1-a135-11e9-9cda-0a87ae2ba916 15 41.8566 -87.6275
a3b1f4fb-a135-11e9-9cda-0a87ae2ba916 11 41.8950 -87.7649
a3aa82d0-a135-11e9-9cda-0a87ae2ba916 15 41.8693 -87.6737
a3ade7de-a135-11e9-9cda-0a87ae2ba916 7 41.8445 -87.7159
a3aa7897-a135-11e9-9cda-0a87ae2ba916 23 41.9129 -87.6642
a3aabfe3-a135-11e9-9cda-0a87ae2ba916 19 41.7887 -87.6013
a3a9892f-a135-11e9-9cda-0a87ae2ba916 39 41.9117 -87.6268
a3a81d33-a135-11e9-9cda-0a87ae2ba916 19 41.9139 -87.6488
a3a4499f-a135-11e9-9cda-0a87ae2ba916 15 41.8762 -87.6244
a3b213af-a135-11e9-9cda-0a87ae2ba916 7 41.7997 -87.6572
a3aad436-a135-11e9-9cda-0a87ae2ba916 19 41.9331 -87.6478
a3a640d1-a135-11e9-9cda-0a87ae2ba916 27 41.8386 -87.6082
a3a7eba7-a135-11e9-9cda-0a87ae2ba916 23 41.8924 -87.6769
a3a84fb8-a135-11e9-9cda-0a87ae2ba916 19 41.9616 -87.6660
a3ac4024-a135-11e9-9cda-0a87ae2ba916 14 42.0106 -87.6624
a3b35e21-a135-11e9-9cda-0a87ae2ba916 15 41.8982 -87.6375
a3a7faf7-a135-11e9-9cda-0a87ae2ba916 15 41.8867 -87.6597
a3a9d00a-a135-11e9-9cda-0a87ae2ba916 35 41.8782 -87.6319
1861996658372408268 15 41.9280 -87.7360
a3b25b6d-a135-11e9-9cda-0a87ae2ba916 7 41.7585 -87.6064
a3ac8dfb-a135-11e9-9cda-0a87ae2ba916 15 41.8542 -87.6192
a3adc925-a135-11e9-9cda-0a87ae2ba916 15 41.8619 -87.6935
a4f9ba74-f1cc-4b6a-90ad-78cacd45d3e1 15 41.7096 -87.5902
a3aa2ff4-a135-11e9-9cda-0a87ae2ba916 19 41.9080 -87.6315
a3a817dc-a135-11e9-9cda-0a87ae2ba916 15 41.9182 -87.6569
a3b27bcf-a135-11e9-9cda-0a87ae2ba916 11 41.7513 -87.5960
a3a89ea8-a135-11e9-9cda-0a87ae2ba916 19 41.9361 -87.6698
a3ad2322-a135-11e9-9cda-0a87ae2ba916 15 41.8308 -87.6325
a3a4fec3-a135-11e9-9cda-0a87ae2ba916 19 41.9256 -87.6584
a3a6c910-a135-11e9-9cda-0a87ae2ba916 15 41.9395 -87.6637
97818a9b-0f86-44df-98e6-1bc16812e3d9 19 41.9840 -87.6523
13820eba-039d-4231-9228-005ab0f4e451 16 41.9183 -87.6522
a3a4203a-a135-11e9-9cda-0a87ae2ba916 19 41.8794 -87.6298
a3a3d6f0-a135-11e9-9cda-0a87ae2ba916 15 41.9029 -87.6377
a3a7537c-a135-11e9-9cda-0a87ae2ba916 23 41.9032 -87.6343
a3a4b693-a135-11e9-9cda-0a87ae2ba916 23 41.9094 -87.6777
d53ae727-5265-4b8e-a6ca-2a36dc0345c4 32 41.9324 -87.6527
a3a743ff-a135-11e9-9cda-0a87ae2ba916 15 41.8246 -87.6168
a3b024aa-a135-11e9-9cda-0a87ae2ba916 15 41.9171 -87.7102
1879441011318372516 11 41.7420 -87.7362
95185a0d-da45-406a-a892-6b37b0d29fa8 15 41.7187 -87.5970
a3aaaba2-a135-11e9-9cda-0a87ae2ba916 15 41.9313 -87.6387
1884621142190397936 15 41.9423 -87.7669
a3b4497a-a135-11e9-9cda-0a87ae2ba916 11 41.7966 -87.6259
a3b305e7-a135-11e9-9cda-0a87ae2ba916 15 42.0505 -87.6778
a3a74947-a135-11e9-9cda-0a87ae2ba916 14 41.9069 -87.6262
a3aa017e-a135-11e9-9cda-0a87ae2ba916 11 41.9571 -87.6642
2a80f8d9-85dc-4c36-ba07-86d775ffd1ee 15 41.7373 -87.5485
a3a80009-a135-11e9-9cda-0a87ae2ba916 11 41.8568 -87.6339
a3b12dfb-a135-11e9-9cda-0a87ae2ba916 11 41.8744 -87.7261
a3a6de38-a135-11e9-9cda-0a87ae2ba916 11 41.9078 -87.6859
4fcebf8a-b065-4cd1-a167-211a45ada30e 15 41.7073 -87.6077
a3a96fd5-a135-11e9-9cda-0a87ae2ba916 11 41.8362 -87.6135
48b2ed2f-18aa-4a9b-b27d-db9f6d0c8c16 15 41.6846 -87.6707
a3b2c354-a135-11e9-9cda-0a87ae2ba916 11 41.9537 -87.7406
a3a3888b-a135-11e9-9cda-0a87ae2ba916 19 41.8863 -87.6175
a3af8b51-a135-11e9-9cda-0a87ae2ba916 15 41.9667 -87.7081
a3af368c-a135-11e9-9cda-0a87ae2ba916 15 41.9836 -87.6692
a3af40f1-a135-11e9-9cda-0a87ae2ba916 15 41.9798 -87.6775
a3a41af5-a135-11e9-9cda-0a87ae2ba916 39 41.8777 -87.6353
a3aa54a0-a135-11e9-9cda-0a87ae2ba916 11 41.9434 -87.6796
56eccb5b-f4d7-43c5-b554-a6a0a7585e5e 15 41.6810 -87.5379
a3a84ab4-a135-11e9-9cda-0a87ae2ba916 15 41.8832 -87.6511
a3adb48a-a135-11e9-9cda-0a87ae2ba916 11 41.8736 -87.7049
a3a9cafa-a135-11e9-9cda-0a87ae2ba916 15 41.8649 -87.6471
a3aa3adf-a135-11e9-9cda-0a87ae2ba916 23 41.9455 -87.6464
a3afe1dc-a135-11e9-9cda-0a87ae2ba916 11 41.9430 -87.6873
cefa52d6-b185-4969-89a6-20eb65f5c294 15 41.7049 -87.6569
a3b0e141-a135-11e9-9cda-0a87ae2ba916 11 42.0170 -87.6777
a3a6002c-a135-11e9-9cda-0a87ae2ba916 15 41.8624 -87.6511
a3a790cc-a135-11e9-9cda-0a87ae2ba916 31 41.8906 -87.6221
a3a6ed98-a135-11e9-9cda-0a87ae2ba916 15 41.9359 -87.6784
a3a9984a-a135-11e9-9cda-0a87ae2ba916 11 41.8388 -87.6219
a3b2fbb6-a135-11e9-9cda-0a87ae2ba916 15 42.0636 -87.6987
a3a555e8-a135-11e9-9cda-0a87ae2ba916 15 41.8715 -87.6409
a3a98e37-a135-11e9-9cda-0a87ae2ba916 11 41.7587 -87.5869
a3b4a05c-a135-11e9-9cda-0a87ae2ba916 15 42.0649 -87.7153
a3a4881d-a135-11e9-9cda-0a87ae2ba916 15 41.8671 -87.6411
a3ac54af-a135-11e9-9cda-0a87ae2ba916 23 41.9035 -87.6434
a3b4590f-a135-11e9-9cda-0a87ae2ba916 11 41.7798 -87.6348
a3ac213b-a135-11e9-9cda-0a87ae2ba916 15 41.8538 -87.6958
a3a80f32-a135-11e9-9cda-0a87ae2ba916 19 41.9202 -87.6927
a3af71a9-a135-11e9-9cda-0a87ae2ba916 11 41.9757 -87.7093
a3a710c5-a135-11e9-9cda-0a87ae2ba916 15 41.8743 -87.6396
a5a5cb39-a6ee-45bc-96a0-6455ae111bad 15 41.7368 -87.5828
a3ac88db-a135-11e9-9cda-0a87ae2ba916 11 41.8301 -87.6703
a3ad1900-a135-11e9-9cda-0a87ae2ba916 15 41.8385 -87.6354
a3aae870-a135-11e9-9cda-0a87ae2ba916 15 41.8099 -87.6068
a3a93b6d-a135-11e9-9cda-0a87ae2ba916 15 41.9688 -87.6577
a3b0ccad-a135-11e9-9cda-0a87ae2ba916 11 42.0193 -87.6845
a3a9607f-a135-11e9-9cda-0a87ae2ba916 35 41.9296 -87.7079
a3b443ce-a135-11e9-9cda-0a87ae2ba916 11 41.8267 -87.6831
a3a5fb0d-a135-11e9-9cda-0a87ae2ba916 15 41.8651 -87.6570
4c57c316-82a8-4b9d-a16c-ae7922a2057a 15 41.7053 -87.6292
a3afdcbf-a135-11e9-9cda-0a87ae2ba916 14 41.9467 -87.6834
a3b4963f-a135-11e9-9cda-0a87ae2ba916 15 42.0570 -87.6866
1872723419889143870 15 41.7413 -87.7137
a3acf4eb-a135-11e9-9cda-0a87ae2ba916 11 41.7571 -87.5758
a3affb22-a135-11e9-9cda-0a87ae2ba916 19 41.9384 -87.6980
1869786699581020630 15 41.7356 -87.6655
a3a58495-a135-11e9-9cda-0a87ae2ba916 26 41.9494 -87.6545
1866822399451882164 15 41.9903 -87.7086
a3b1050d-a135-11e9-9cda-0a87ae2ba916 15 42.0189 -87.6900
1838613156025764214 15 41.7859 -87.6046
a3a739e4-a135-11e9-9cda-0a87ae2ba916 31 41.9263 -87.6308
a3a5bf01-a135-11e9-9cda-0a87ae2ba916 23 41.8902 -87.6262
a3a7d782-a135-11e9-9cda-0a87ae2ba916 27 41.9034 -87.6677
a3a70bbd-a135-11e9-9cda-0a87ae2ba916 19 41.8641 -87.6237
a3ac0fff-a135-11e9-9cda-0a87ae2ba916 19 41.7932 -87.5878
a3a3cbac-a135-11e9-9cda-0a87ae2ba916 23 41.8777 -87.6548
a3aa640c-a135-11e9-9cda-0a87ae2ba916 19 41.9689 -87.6840
a3b26fee-a135-11e9-9cda-0a87ae2ba916 11 41.7509 -87.6138
a3b23263-a135-11e9-9cda-0a87ae2ba916 11 41.7832 -87.6544
a3a83181-a135-11e9-9cda-0a87ae2ba916 15 41.9406 -87.6785
1859718111300847802 15 41.7720 -87.6846
a3a42fa7-a135-11e9-9cda-0a87ae2ba916 15 41.8793 -87.6320
1861593053874186306 15 41.7643 -87.6844
a3a634dd-a135-11e9-9cda-0a87ae2ba916 15 41.8347 -87.6258
a3acb6f3-a135-11e9-9cda-0a87ae2ba916 15 41.8798 -87.6861
1890602768178733256 15 41.9390 -87.7542
a3a762a1-a135-11e9-9cda-0a87ae2ba916 11 41.9177 -87.6914
a3a54cdb-a135-11e9-9cda-0a87ae2ba916 11 41.7735 -87.5853
a3a80a1e-a135-11e9-9cda-0a87ae2ba916 23 41.9312 -87.6443
a3a40088-a135-11e9-9cda-0a87ae2ba916 23 41.8967 -87.6357
a3ae6e48-a135-11e9-9cda-0a87ae2ba916 11 41.8415 -87.6851
03a1610c-3ba0-4b85-b512-bc26791cb7ee 15 41.7293 -87.6110
a3b1330c-a135-11e9-9cda-0a87ae2ba916 11 41.8859 -87.7354
a3aa2078-a135-11e9-9cda-0a87ae2ba916 15 41.9560 -87.6802
cec28069-2a36-48e1-bcec-2364b44834c4 15 41.7437 -87.6341
a3a99346-a135-11e9-9cda-0a87ae2ba916 11 41.8165 -87.6066
a3aaa17b-a135-11e9-9cda-0a87ae2ba916 19 41.7996 -87.5947
a3a845b0-a135-11e9-9cda-0a87ae2ba916 23 41.9495 -87.6465
a3afa9dc-a135-11e9-9cda-0a87ae2ba916 15 41.9615 -87.6912
a3b2f15e-a135-11e9-9cda-0a87ae2ba916 15 42.0397 -87.6994
a3a3c696-a135-11e9-9cda-0a87ae2ba916 15 41.9105 -87.6531
a3afebff-a135-11e9-9cda-0a87ae2ba916 11 41.9611 -87.7290
a3a5428e-a135-11e9-9cda-0a87ae2ba916 35 41.8882 -87.6364
a3a5c96f-a135-11e9-9cda-0a87ae2ba916 15 41.9242 -87.6464
1859717767703464460 15 41.7652 -87.7032
1872721938125427506 15 41.7425 -87.7023
a3ae687f-a135-11e9-9cda-0a87ae2ba916 11 41.8437 -87.6950
a3a74e60-a135-11e9-9cda-0a87ae2ba916 30 41.8908 -87.6317
a3afaef3-a135-11e9-9cda-0a87ae2ba916 19 41.9534 -87.7320
a3a95b7a-a135-11e9-9cda-0a87ae2ba916 15 41.9185 -87.6974
a3b2767f-a135-11e9-9cda-0a87ae2ba916 11 41.7532 -87.6050
a3b029be-a135-11e9-9cda-0a87ae2ba916 19 41.9175 -87.7018
ee925757-31ce-41ad-9bb7-73b1bb363616 11 41.7179 -87.5646
a3a9df3a-a135-11e9-9cda-0a87ae2ba916 15 41.8794 -87.6355
a3aaed81-a135-11e9-9cda-0a87ae2ba916 19 41.8967 -87.6309
a3aff10c-a135-11e9-9cda-0a87ae2ba916 11 41.9394 -87.7236
a3a715ce-a135-11e9-9cda-0a87ae2ba916 15 41.8580 -87.6408
a3a83698-a135-11e9-9cda-0a87ae2ba916 19 41.9437 -87.6640
a3a51e6e-a135-11e9-9cda-0a87ae2ba916 15 41.9137 -87.6529
a3b2cd97-a135-11e9-9cda-0a87ae2ba916 11 41.9606 -87.7454
a3aa4a58-a135-11e9-9cda-0a87ae2ba916 19 41.9585 -87.6550
a3aab0b6-a135-11e9-9cda-0a87ae2ba916 19 41.9733 -87.6679
59019cbc-47d4-4743-afb2-e71e9767df0c 15 41.7372 -87.5727
a3b36d8a-a135-11e9-9cda-0a87ae2ba916 43 41.8728 -87.6240
a3b2513d-a135-11e9-9cda-0a87ae2ba916 7 41.7580 -87.6312
a3a79fdc-a135-11e9-9cda-0a87ae2ba916 31 41.8915 -87.6268
a3a4a71e-a135-11e9-9cda-0a87ae2ba916 23 41.8856 -87.6418
a3b44eba-a135-11e9-9cda-0a87ae2ba916 7 41.7897 -87.6547
a3ad37c2-a135-11e9-9cda-0a87ae2ba916 11 41.8162 -87.6348
a3ac6f28-a135-11e9-9cda-0a87ae2ba916 19 41.9002 -87.6430
a3a4739d-a135-11e9-9cda-0a87ae2ba916 27 41.8947 -87.6344
a3ad47f8-a135-11e9-9cda-0a87ae2ba916 11 41.8093 -87.6334
a3b2a4ca-a135-11e9-9cda-0a87ae2ba916 11 41.7441 -87.5990
a3ad09b2-a135-11e9-9cda-0a87ae2ba916 11 41.7622 -87.5593
a3a71b0a-a135-11e9-9cda-0a87ae2ba916 11 41.8551 -87.6541
62cb5f1d-7dcb-4fe1-849f-d928288d73b9 15 41.6876 -87.6555
a3b0b291-a135-11e9-9cda-0a87ae2ba916 15 41.9098 -87.7053
a3a701b8-a135-11e9-9cda-0a87ae2ba916 15 41.9288 -87.6685
a3a3fb5d-a135-11e9-9cda-0a87ae2ba916 15 41.8996 -87.6677
1887668523852444498 11 41.9424 -87.7473
a3a639f5-a135-11e9-9cda-0a87ae2ba916 11 41.8349 -87.6179
1870193411073343610 15 41.9940 -87.6993
a3a98429-a135-11e9-9cda-0a87ae2ba916 15 41.8094 -87.5919
a3a840a6-a135-11e9-9cda-0a87ae2ba916 23 41.9617 -87.6546
a3b39bb0-a135-11e9-9cda-0a87ae2ba916 11 41.8957 -87.6201
a3b0fff9-a135-11e9-9cda-0a87ae2ba916 11 42.0123 -87.6882
a3a7775b-a135-11e9-9cda-0a87ae2ba916 27 41.8817 -87.6395
a3aded13-a135-11e9-9cda-0a87ae2ba916 11 41.8445 -87.7017
a3b2af02-a135-11e9-9cda-0a87ae2ba916 11 41.7431 -87.6148
a3ace51b-a135-11e9-9cda-0a87ae2ba916 11 41.7693 -87.6282
a3b1e588-a135-11e9-9cda-0a87ae2ba916 11 41.8235 -87.6656
a3ae737f-a135-11e9-9cda-0a87ae2ba916 15 42.0080 -87.6655
a3b123c5-a135-11e9-9cda-0a87ae2ba916 11 41.8757 -87.7155
a3b1e065-a135-11e9-9cda-0a87ae2ba916 11 41.8232 -87.6766
a3b11ea4-a135-11e9-9cda-0a87ae2ba916 11 41.8879 -87.7743
a3b2ec43-a135-11e9-9cda-0a87ae2ba916 15 42.0258 -87.6841
a3b3a0c8-a135-11e9-9cda-0a87ae2ba916 11 41.8900 -87.6366
a3a95669-a135-11e9-9cda-0a87ae2ba916 27 41.9295 -87.6842
a3adaf6b-a135-11e9-9cda-0a87ae2ba916 19 42.0090 -87.6741
a3af3bac-a135-11e9-9cda-0a87ae2ba916 15 41.9840 -87.6603
a3a87b3f-a135-11e9-9cda-0a87ae2ba916 15 41.9630 -87.6848
a3b0b801-a135-11e9-9cda-0a87ae2ba916 11 41.9027 -87.7092
a3a93622-a135-11e9-9cda-0a87ae2ba916 15 41.8098 -87.5994
a3b01578-a135-11e9-9cda-0a87ae2ba916 15 41.9248 -87.7145
a3aaf2ac-a135-11e9-9cda-0a87ae2ba916 15 41.8576 -87.6194
a3a6d884-a135-11e9-9cda-0a87ae2ba916 15 41.9126 -87.6814
1859027847673133268 11 41.9682 -87.7195
a3a9f256-a135-11e9-9cda-0a87ae2ba916 19 41.9121 -87.6347
a3a60a65-a135-11e9-9cda-0a87ae2ba916 19 41.8990 -87.6299
a3aa1623-a135-11e9-9cda-0a87ae2ba916 19 41.9401 -87.6455
a3aafccb-a135-11e9-9cda-0a87ae2ba916 15 41.9295 -87.6431
1879439877447006990 15 41.7385 -87.7286
bbb67562-1f82-4dfa-a532-231ddc35444e 15 41.6592 -87.5508
a3adc3f6-a135-11e9-9cda-0a87ae2ba916 11 41.8666 -87.6945
a3ad8fd9-a135-11e9-9cda-0a87ae2ba916 19 41.7851 -87.6011
b09832de-1c8e-4b92-bd72-bd98dc80b92c 15 41.7282 -87.5497
a3a44476-a135-11e9-9cda-0a87ae2ba916 22 41.8846 -87.6278
a3b1ca28-a135-11e9-9cda-0a87ae2ba916 11 41.8801 -87.7632
a3a7b41d-a135-11e9-9cda-0a87ae2ba916 15 41.8541 -87.6858
a3a7e69e-a135-11e9-9cda-0a87ae2ba916 11 41.9103 -87.6823
a3a56ae5-a135-11e9-9cda-0a87ae2ba916 19 41.8748 -87.6498
a3a7f5ea-a135-11e9-9cda-0a87ae2ba916 19 41.9030 -87.6975
a3a9b6e9-a135-11e9-9cda-0a87ae2ba916 15 41.8307 -87.6413
a3a945c0-a135-11e9-9cda-0a87ae2ba916 39 41.8679 -87.6230
a3aa1b5b-a135-11e9-9cda-0a87ae2ba916 15 41.9615 -87.6714
1885794833713023406 12 41.9392 -87.7371
a3a4a202-a135-11e9-9cda-0a87ae2ba916 27 41.8514 -87.6188
a2aa2a53-3439-459b-9345-c21435e99a72 15 41.7268 -87.6543
a3af7c0e-a135-11e9-9cda-0a87ae2ba916 15 41.9749 -87.6925
1879439147302566804 11 41.7491 -87.7043
a3a60f7e-a135-11e9-9cda-0a87ae2ba916 23 41.9157 -87.6346
a3a9fc75-a135-11e9-9cda-0a87ae2ba916 19 41.9067 -87.6348
a3a95142-a135-11e9-9cda-0a87ae2ba916 15 41.9488 -87.6753
a3ac1bc9-a135-11e9-9cda-0a87ae2ba916 15 41.9507 -87.6687
a3a767b1-a135-11e9-9cda-0a87ae2ba916 15 41.8918 -87.6588
a3a940a2-a135-11e9-9cda-0a87ae2ba916 15 41.9544 -87.6480
1806749761557578336 2 42.0117 -87.8083
1674190192302369104 1 41.8044 -87.6577
1674190145057728760 1 41.7792 -87.6836
1674190183712434508 2 41.8526 -87.7210
1674190364101061262 2 41.9056 -87.7286
1674190402755766968 1 41.8441 -87.7299
1674190458590341922 1 41.7355 -87.6576
1806749752967643692 2 41.9911 -87.7292
1563698688321392628 9 41.9383 -87.7617
1674190200892303716 1 41.7302 -87.5468
1674190544489687992 2 41.7002 -87.5621
1695776985249749774 1 41.7224 -87.5358
1674190596029295628 2 41.7974 -87.6685
1674190299676551698 1 41.6920 -87.5349
1715823829734775370 1 41.8084 -87.6885
1806753661387883378 2 41.7781 -87.7630
1575949510978564830 9 41.8919 -87.7164
1806749718607905182 2 41.7779 -87.7876
1677249819534170176 1 41.7363 -87.5966
1674190544489687994 2 41.9451 -87.8200
1674190424230603496 1 41.7364 -87.6267
1806749722902872482 4 41.7755 -87.7580
1695776991300383222 3 41.6944 -87.6815
1806753648502981410 2 41.9870 -87.7140
1677249866778810508 2 41.8144 -87.6163
1806753639913046782 2 41.9955 -87.8070
1674190690518576300 1 41.6778 -87.6291
1674190660453805190 2 41.7044 -87.6817
1806753661387883380 2 41.7957 -87.7635
1806749722902872480 2 41.7787 -87.7748
1806753638588148344 2 41.7626 -87.7175
1806749727197839808 2 41.7940 -87.7741
1674190505834982262 2 41.9395 -87.7184
1674190454295374622 1 41.7433 -87.6588
1674190411345701574 1 41.9096 -87.7280
1806753657092916056 2 41.9517 -87.7907
1677249802354300978 1 41.6918 -87.6427
1674190643273935970 1 41.7129 -87.6540
1695776961235612130 1 41.6927 -87.6264
1674190432820538108 2 41.7025 -87.6065
1674190441410472714 1 41.8871 -87.7562
1677249819534170178 1 41.7368 -87.6022
1673852330577033842 2 42.0123 -87.6954
1448642162257565290 3 41.7012 -87.6493
1575949489503728316 6 41.8952 -87.7174
1674190557374589898 3 41.7642 -87.6002
1715823818359104470 1 41.8087 -87.6603
1561012870126088744 9 41.8624 -87.7157
1695776937826575008 1 41.8730 -87.7253
1806753639913046764 2 41.9956 -87.7486
1674190402755766970 1 41.7930 -87.7282
1674190621799099448 5 41.6706 -87.6322
1695777010841019090 2 41.7731 -87.6129
1677249862483843200 4 41.7824 -87.6717
1806749727197839814 4 41.9658 -87.7822
1677249866778810506 1 41.8168 -87.6133
1695776978415481326 1 41.7035 -87.5366
1674190621799099446 2 41.8091 -87.6274
1561012870126088746 9 41.8664 -87.7300
1673852326282066544 1 42.0122 -87.6999
1436495105198659242 8 41.9178 -87.6534
1715846692616110944 1 41.8956 -87.7064
1594046370923369112 9 41.8996 -87.6895
1806749722902872502 5 41.7807 -87.7767
1674190432820538104 1 41.7982 -87.7450
1674190656158837890 4 41.7748 -87.7283
1677249780879464466 1 41.9683 -87.7094
1674190617504132138 2 41.9053 -87.7095
1806749722902872486 2 41.7776 -87.7822
1806753647178082938 2 41.9915 -87.7544
1674190359806093962 1 41.7360 -87.6624
1715823805474202570 1 41.7810 -87.6838
1683527937875852272 1 41.7493 -87.5759
1571105042230683640 9 41.9477 -87.8293
1674190355511126654 1 41.7733 -87.5767
1806753661387883388 2 41.7394 -87.7214
1806749757262611038 4 42.0118 -87.8077
1674190321151388226 2 41.7208 -87.6764
1806753644208014084 2 41.7850 -87.8011
1594046388103238326 9 41.8710 -87.7003
1806753629998213750 4 41.7646 -87.6935
1677249772289529864 1 41.9830 -87.7097
1674190162237597978 1 41.8105 -87.6654
1695776942300076784 1 41.8589 -87.7157
1683527967940622362 1 41.9978 -87.6972
1806753665682850696 2 41.7739 -87.7935
1674190600324262930 1 41.9383 -87.7938
1715846704448749936 1 41.8859 -87.7064
1674190192302369108 2 41.6534 -87.5470
1806753652797948724 2 41.7967 -87.7552
1674190372690995870 1 41.7952 -87.7037
1571105068000485406 9 41.9526 -87.7854
1806753665682850702 2 41.9943 -87.8025
1806749718607905152 2 41.7381 -87.7217
1806753639913046770 2 41.7465 -87.6731
1582242276682913304 6 41.7903 -87.6889
1674190669043739800 1 41.7501 -87.6828
1582242293862782510 9 41.8233 -87.6897
1695777019609488196 3 41.8052 -87.6091
1674190372690995868 1 41.7943 -87.7035
1695776940340809768 1 41.9315 -87.7590
1674190535899753382 1 41.9454 -87.8035
1674190626094066752 1 41.7223 -87.5849
1806753648502981416 2 41.9899 -87.7380
1715823829734775372 1 41.8080 -87.6847
1677249815239202874 1 41.7067 -87.6434
1827474404723843682 5 41.9919 -87.7992
1674190561669557206 2 41.6970 -87.6261
1827474409018810988 1 41.7888 -87.7796
1674190544489687990 3 41.9450 -87.8159
1674190428525570798 10 41.7218 -87.6249
1674190196597336406 1 41.6514 -87.5473
1674190256726878654 1 41.9424 -87.7471
1674190553079622596 1 41.7069 -87.6372
1677249862483843202 2 41.7912 -87.6719
1683527972235589660 1 41.9976 -87.6897
1674190321151388220 3 41.7210 -87.6430
1674190368396028568 1 41.7054 -87.7012
1575949515273532128 9 41.8989 -87.7165
1674190497245047652 1 41.6889 -87.6209
1677249780879464468 1 41.9475 -87.7379
1695776956940644828 1 41.6885 -87.6425
1571105055115583496 9 41.9530 -87.7622
1695776969825546724 1 41.6957 -87.6428
1674190634684001358 3 41.7885 -87.6562
1674190475770211134 1 41.7692 -87.6152
1674190170827532590 1 41.9093 -87.7756
1594046439642845944 9 41.9722 -87.7027
1827474409018810992 3 41.7549 -87.7236
1575949528158434034 9 41.9121 -87.8058
1674190162237597976 1 41.8112 -87.6647
1806753631323112140 2 41.9684 -87.7245
1677249853893908602 10 41.7943 -87.6191
1674190411345701580 2 41.7784 -87.7305
1674190162237597974 1 41.8120 -87.6649
1806749731492807132 3 41.9553 -87.7518
1674190252431911356 1 41.9093 -87.7458
1674190553079622598 1 41.6771 -87.6357
1806753648502981404 2 41.9680 -87.7430
1683527935820123118 1 41.7626 -87.5638
1715846718385914742 2 41.7597 -87.6637
1677249828124104788 1 41.7514 -87.6011
1674190608914197536 1 41.6914 -87.7023
1674190286791649780 3 41.6850 -87.6338
1806753635618079460 2 41.9935 -87.7127
1674190205187271018 3 41.7334 -87.5445
1674190376985963176 1 41.7770 -87.7029
1674190492950080348 2 41.8728 -87.7534
1674190424230603490 2 41.9088 -87.7365
1674190574554459116 1 41.7972 -87.7234
1806753631323112124 2 41.7647 -87.6847
1674190381280930478 2 41.8136 -87.7048
1674190140762761460 1 41.7793 -87.6838
1806753657092916066 2 41.9830 -87.7826
1806753661387883374 2 41.9886 -87.8125
1806749718607905156 2 41.7414 -87.7023
1448642179437434486 6 41.6926 -87.6137
1715846713038684536 1 41.8443 -87.7281
1806749731492807128 2 41.9625 -87.7560
1806749735787774446 2 41.9772 -87.7690
1674190488655113044 1 41.9385 -87.7711
1715823782490135060 1 41.7206 -87.5352
1674190535899753386 4 41.7636 -87.6372
1674190230957074838 1 41.8681 -87.7154
1594041777104953202 9 41.7933 -87.7242
1674190501540014954 1 41.7859 -87.7380
1674190565964524508 2 41.9519 -87.8327
1806749718607905162 2 41.7433 -87.7024
1677249845303973996 1 41.6783 -87.6809
1674190596029295624 1 41.7511 -87.6114
1674190364101061264 2 41.7788 -87.7260
1674190209482238318 2 41.7285 -87.6082
1674190492950080350 1 41.7083 -87.6198
1674190209482238320 2 41.9001 -87.6968
1591541115825893018 6 41.8898 -87.6804
1674190265316813260 1 41.7420 -87.6048
1674190278201715172 1 41.8089 -87.6751
1674190325446355526 1 41.7634 -87.6375
1806753648502981412 2 41.7421 -87.7316
1806749727197839820 2 41.9532 -87.7722
1683527965884893196 1 41.7570 -87.5650
1674190570259491814 2 41.8159 -87.6337
1674190467180276528 1 41.9661 -87.7370
1695776968069880576 1 41.7063 -87.6309
1806749757262611022 2 41.9975 -87.7619
1674190415640668882 2 41.7807 -87.5942
1806753631323112128 2 41.7797 -87.7714
1806749718607905164 2 41.7417 -87.7023
1674190488655113048 2 41.9198 -87.7710
1806753648502981402 2 41.9726 -87.7392
1715823822654071768 2 41.8010 -87.6768
1606778059648526978 9 41.9542 -87.7044
1715823795375036962 1 41.7793 -87.6868
1674190179417467200 2 41.6918 -87.5342
1674190578849426418 2 41.8186 -87.7243
1674190269611780566 1 41.7587 -87.6058
1561012878716023344 9 41.8514 -87.7322
1674190565964524510 2 41.9521 -87.8338
1715846688321143646 2 41.9035 -87.7204
1674190591734328326 1 41.7434 -87.6537
1673852313397164652 1 42.0122 -87.7005
1806749744377709060 2 41.9686 -87.7330
1582242298157749812 9 41.8084 -87.6966
1683527972235589666 1 41.7806 -87.5960
1674190583144393720 1 41.8001 -87.7235
1806753648502981418 2 41.9679 -87.7525
1575949523863466730 9 41.9092 -87.7610
1674190608914197534 1 41.7504 -87.6475
1674190419935636184 1 41.7436 -87.6146
1806753635618079448 2 41.9851 -87.8232
1563698701206292480 9 41.9390 -87.7493
1594046392398205628 9 41.8631 -87.7030
1683527931525155814 1 41.7369 -87.5831
1582242280977880604 9 41.7865 -87.6973
1674190677633674408 1 41.7360 -87.6722
1806749748672676386 2 41.9857 -87.7771
1674190376985963174 1 41.7789 -87.7030
1575949498093662914 9 41.9025 -87.7509
1674190647568903268 1 41.7361 -87.6230
1594046396693172926 9 41.8594 -87.7030
1448642183732401788 10 41.7056 -87.6029
1674190441410472712 5 41.9488 -87.7571
1674190200892303712 1 41.8099 -87.6615
1436495096608724634 4 41.9029 -87.6313
1806749722902872500 9 41.7905 -87.7799
1674190553079622600 2 41.7160 -87.6371
1677249879663712418 1 41.6978 -87.5978
1677249871073777808 1 41.8086 -87.6700
1674190376985963172 1 41.7823 -87.7030
1677249789469399068 1 41.9172 -87.7361
1806749744377709072 2 41.9679 -87.7134
1674190471475243832 1 41.7516 -87.5587
1806749757262611032 2 42.0115 -87.8182
1715823821144840768 2 41.8014 -87.6621
1674190596029295630 2 41.6914 -87.6857
1683527948705025018 1 41.7589 -87.5622
1695777015314520896 1 41.9237 -87.7858
1594041785694887804 9 41.8163 -87.7246
1806753635618079456 2 41.9829 -87.7196
1677249841009006694 1 41.6917 -87.6702
1674190531604786080 1 41.9350 -87.7958
1806749744377709070 4 41.9756 -87.7127
1674190505834982258 2 41.9378 -87.7216
1806749757262611012 3 41.9979 -87.7654
1436495100903691938 6 41.9356 -87.6440
1806753661387883394 2 41.7951 -87.7905
1674190269611780570 1 41.7364 -87.6062
1674190261021845958 1 41.7646 -87.6823
1563698718386161690 9 41.9346 -87.7960
1674190183712434504 2 41.8045 -87.7196
1521690221159885714 8 41.9326 -87.6424
1674190209482238322 1 41.9983 -87.6995
1715823805474202572 1 41.7852 -87.7031
1674190325446355528 1 41.8952 -87.7215
1674190248136944056 1 41.9069 -87.7462
1674190273906747868 1 41.7295 -87.6037
1806749722902872494 2 41.7923 -87.7888
1561012891600925250 9 41.8681 -87.7109
1695776944055742932 2 41.9170 -87.7500
1674190454295374616 2 41.9387 -87.7633
1806749718607905172 2 41.7432 -87.7021
1806749748672676394 4 41.9902 -87.7323
1674190548784655294 3 41.7669 -87.6115
1563698688321392630 9 41.9227 -87.7610
1674190140762761456 1 41.8494 -87.7249
1677249798059333674 1 41.6777 -87.6387
1593766338948359058 9 41.8022 -87.7489
1674190630389034054 1 41.7385 -87.5859
1806753652797948734 2 41.9756 -87.7835
1806753657092916076 2 42.0003 -87.8124
1806753661387883396 2 41.7771 -87.7666
1806753631323112142 2 41.7453 -87.6926
1674190239547009456 1 41.8118 -87.7076
1806749718607905180 2 41.7648 -87.6886
1594041781399920506 9 41.8081 -87.7212
1674190660453805188 2 41.7117 -87.6820
1674190574554459120 1 41.8604 -87.7251
1806753664357952126 2 41.7644 -87.6981
1715823816849873464 1 41.8226 -87.6907
1674190415640668880 3 41.9739 -87.7133
1674190501540014960 2 41.9312 -87.7115
1674190484360145738 1 41.9384 -87.7814
1677249875368745110 1 41.7043 -87.5931
1806753652797948750 2 41.9763 -87.7876
1674190497245047650 1 41.6944 -87.6207
1806753644208014082 2 41.9778 -87.8068
1594046413873042136 9 41.9461 -87.7030
1521679584953491780 8 41.7038 -87.7014
1674190437115505406 2 41.7511 -87.6074
1806749752967643708 3 42.0115 -87.8126
1806749740082741752 2 41.9674 -87.7602
1674190411345701582 1 41.8818 -87.7337
1715823812554906162 1 41.7801 -87.7033
1594046379513303716 9 41.8865 -87.7017
1674190514424916872 2 41.6929 -87.7010
1695777003591137960 2 41.7659 -87.6148
1674190256726878658 2 41.9358 -87.7466
1674190441410472710 2 41.9170 -87.7560
1806753631323112136 2 41.9939 -87.7251
1683527931525155816 1 41.7495 -87.5688
1695776995595350524 1 41.6980 -87.6812
1715846713038684540 1 41.8442 -87.7263
1674190510129949568 2 41.7212 -87.6474
1674190200892303714 1 41.7184 -87.5645
1806749722902872488 5 41.7847 -87.7958
1677249793764366368 1 41.9024 -87.7327
1677249828124104782 1 41.7482 -87.6442
1806749752967643704 2 41.9970 -87.8213
1674190282496682480 3 41.6866 -87.6335
1571105046525650938 9 41.9448 -87.7993
1674190235252042152 1 42.0143 -87.6904
1674190368396028570 1 41.7052 -87.7014
1806753635618079458 2 41.9901 -87.7188
1806753644208014088 2 42.0070 -87.7780
1575949528657471478 9 41.9097 -87.7702
1806749757262611018 2 41.9975 -87.7646
1674190179417467202 2 41.6557 -87.5376
1594046409578074830 9 41.9247 -87.7006
1674190510129949570 6 41.9213 -87.7224
1674190196597336410 2 41.7212 -87.6788
1594046405283107528 9 41.8592 -87.6956
1806753657092916070 2 41.9866 -87.7939
1806753639913046780 2 41.9899 -87.7429
1582242280977880602 9 41.7860 -87.7106
1677249789469399070 2 41.9096 -87.7347
1594046409578074834 9 41.9140 -87.6994
1677249849598941294 1 41.6918 -87.6714
1753333909108677614 6 41.8635 -87.6797
1674190535899753380 1 41.9310 -87.7994
1674190308266486308 1 41.8174 -87.5996
1683527944410057716 1 41.6852 -87.6134
1575949502388630222 9 41.9058 -87.7549
1677249767994562566 1 41.9829 -87.7105
1677249883958679720 1 41.7084 -87.5603
1674190342626224740 1 41.6916 -87.7058
1674190475770211132 1 41.7355 -87.6639
1683527927230188516 1 42.0051 -87.6926
1677249802354300976 1 41.6849 -87.6527
1677249853893908600 2 41.7651 -87.5659
1677249832419072086 2 41.7448 -87.5611
1674190218072172924 1 41.7071 -87.6153
1806749752967643694 7 41.9913 -87.7469
1827474409018810998 3 41.9590 -87.7897
1674190385575897778 1 41.8701 -87.7062
1695780078787721700 2 41.9901 -87.7173
1571105055115583502 9 41.9449 -87.8242
1806749722902872484 8 41.7766 -87.7821
1806749727197839806 2 41.7942 -87.7716
1683527959350687752 1 41.7262 -87.5593
1806753652797948726 2 41.9809 -87.7613
1674190316856420914 4 41.7560 -87.6441
1674190617504132140 4 41.9101 -87.7096
1575949506683597522 9 41.9126 -87.7687
1806753665682850706 2 41.7496 -87.7210
1827474404723843684 1 41.9893 -87.7118
1674190450000407314 2 41.8793 -87.7254
1594046362333434512 9 41.8341 -87.6756
1806749748672676382 2 41.9829 -87.7905
1806749718607905176 4 41.7645 -87.7065
1674190329741322832 3 41.9037 -87.7203
1715823825439808068 1 41.7990 -87.6819
1593766347538293664 6 41.8075 -87.7308
1594046435347878642 9 41.9812 -87.7049
1683527948705024000 1 41.7806 -87.5746
1715846714090947442 1 41.8670 -87.7255
1674190407050734268 3 41.8805 -87.7311
1806749748672676390 2 41.9898 -87.7809
1594041781399920504 9 41.7749 -87.7288
1674190617504132144 1 41.7786 -87.7189
1806749727197839818 4 41.9654 -87.7724
1806749727197839816 6 41.9588 -87.7819
1715823779704398766 2 41.7269 -87.6549
1594046431052911340 9 41.9536 -87.6908
1448642175142467184 4 41.6881 -87.5365
1563698675436490728 9 41.9309 -87.7785
1677249871073777812 1 41.6773 -87.6545
1594046413873042132 9 41.9504 -87.6882
1677249776584497168 2 41.9685 -87.7126
1806753648502981414 2 41.9827 -87.7375
1674190613209164836 3 41.7564 -87.5796
1674190230957074840 3 41.8543 -87.7152
1674190170827532584 1 41.9352 -87.7761
1695780083082689004 2 41.9756 -87.7174
1806749731492807130 2 41.9547 -87.7494
1674190166532565282 2 41.7560 -87.6639
1674190527309818774 1 41.9236 -87.8047
1674190213777205624 1 41.8609 -87.6957
1521686986436309688 12 41.9123 -87.6773
1806749752967643710 2 41.9959 -87.8051
1563698718386161692 9 41.9347 -87.7844
1674190346921192044 10 41.6570 -87.5485
1674190557374589902 4 41.8587 -87.7224
1674190334036290140 1 41.7069 -87.6317
1806753648502981408 2 41.9700 -87.7434
1436495122378528446 6 41.9438 -87.6715
1674190664748772496 1 41.6920 -87.6817
1674190226662107538 1 41.9094 -87.7658
1674190527309818772 2 41.9238 -87.7844
1806749731492807144 2 41.9801 -87.8021
1695777014128478334 2 41.7759 -87.6093
1806753652797948722 2 41.9836 -87.7658
1674190514424916874 1 41.7330 -87.5557
1806749744377709068 11 41.9683 -87.7126
1674190355511126658 1 41.7443 -87.5750
1582242298157749814 12 41.8048 -87.7041
1695776946416509604 1 41.9240 -87.7519
1674190673338707098 2 41.7255 -87.6820
1674190286791649784 1 41.8402 -87.7255
1674190548784655292 2 41.9432 -87.8291
1674190261021845960 1 41.7335 -87.5512
1563698684026425330 9 41.9302 -87.7661
1674190694813543598 2 41.7134 -87.5644
1715846705501012842 1 41.8662 -87.7185
1677249888253647022 1 41.6664 -87.6199
1674190527309818776 1 41.9493 -87.7984
1674190458590341928 1 41.8730 -87.7633
1674190291086617084 2 41.6591 -87.5971
1677249871073777806 2 41.8014 -87.6621
1674190634684001356 2 41.7677 -87.6678
1575949510978564828 9 41.9092 -87.7971
1594046426757944042 6 41.9577 -87.6883
1674190342626224744 1 41.7361 -87.6694
1806753639913046778 2 41.7572 -87.7414
1806753661387883384 2 41.7573 -87.7224
1571105063705518104 9 41.9489 -87.8069
1594046448232780546 9 41.8426 -87.7040
1695780091296484234 1 41.8724 -87.7253
1674190467180276530 1 41.7026 -87.5427
1677249841009006688 1 41.6914 -87.7048
1806749727197839826 4 41.9529 -87.7807
1561012900190859852 9 41.8370 -87.7305
1806753639913046768 2 41.9774 -87.8367
1674190325446355532 2 41.9243 -87.7214
1674190669043739798 1 41.6824 -87.6810
1571105050820616196 9 41.9401 -87.7865
1594046418168009438 9 41.9396 -87.7053
1563698709796227088 9 41.9224 -87.7390
1674190321151388222 1 41.7210 -87.6434
1563698679731458032 9 41.9238 -87.7723
1594046443937813244 9 41.9697 -87.6895
1674190205187271016 2 41.6543 -87.5435
1674190312561453612 1 41.7799 -87.6414
1622724289952663440 9 41.8393 -87.7020
1674190626094066746 2 41.7623 -87.5855
1806749748672676392 4 41.9829 -87.7744
1674190316856420920 1 41.7234 -87.6436
1674190269611780562 1 41.6926 -87.6098
1673852313397164648 2 42.0119 -87.7013
1674190415640668886 2 41.7740 -87.5943
1674190303971518998 2 41.7160 -87.5351
1806749727197839810 2 41.7985 -87.7985
1674190647568903272 3 41.6901 -87.6376
1674190222367140226 2 41.7655 -87.6173
1683527942170819574 1 41.8228 -87.6165
1715846717333651852 2 41.8022 -87.6151
1582242302452717114 9 41.8010 -87.6868
1806753655768017532 2 41.7923 -87.7929
1677249785174431768 2 41.9472 -87.7308
1806749740082741754 2 41.9677 -87.7636
1594046405283107532 9 41.8666 -87.7013
1806749727197839822 4 41.9531 -87.7771
1683527950760754174 1 41.7787 -87.7141
1674190445705440012 1 41.9317 -87.7193
1674190462885309226 2 41.7242 -87.6395
1594046370923369114 9 41.8957 -87.6987
1677249858188875902 2 41.7823 -87.6374
1827474409018810994 3 41.9583 -87.7875
1436495115557663136 8 41.9440 -87.6640
1674190282496682476 2 41.7589 -87.5829
1674190587439361020 2 41.9170 -87.7271
1806749757262611030 3 42.0044 -87.8071
1806749757262611036 2 42.0115 -87.8190
1674190570259491812 2 41.7400 -87.6176
1806753669977818026 2 41.7439 -87.6829
1683527955055720452 1 41.6997 -87.6210
1674190166532565286 5 41.9422 -87.7765
1674190188007401806 4 41.9466 -87.7198
1683527942170819570 1 41.9649 -87.7208
1695780087377656306 1 41.9318 -87.7373
1674190673338707100 1 42.0164 -87.6904
1674190480065178438 3 41.9962 -87.7120
1674190303971519000 1 41.7124 -87.5354
1806753657092916052 2 41.7921 -87.7854
1674190145057728764 1 41.7439 -87.5988
1674190359806093956 1 41.7663 -87.5762
1677249875368745118 1 41.6987 -87.5970
1806749744377709062 2 41.9676 -87.7396
1582242306747684414 9 41.7944 -87.7114
1674190299676551700 1 41.7216 -87.5357
1594046383808271024 9 41.8775 -87.7048
1674190677633674404 2 41.8436 -87.7019
1575949493798695616 9 41.9024 -87.7336
1715846691563848024 2 41.9025 -87.7108
1674190149352696066 1 41.7216 -87.6561
1695777004185285124 3 41.7522 -87.6180
1674190450000407318 2 41.7960 -87.7596
1582242311042651720 9 41.8320 -87.6778
1674190346921192042 1 41.7355 -87.6689
1806753669977818022 4 41.7508 -87.6827
1674190175122499894 2 41.8892 -87.7657
1674190183712434502 1 41.6811 -87.5403
1715823812554906166 1 41.7820 -87.7034
1683527957294958598 1 41.7517 -87.5705
1806749731492807136 2 41.9534 -87.7548
1674190428525570794 1 41.7362 -87.6267
1806753657092916074 2 41.9873 -87.8102
1674190334036290138 3 41.9135 -87.7988
1594046435347878644 9 41.9795 -87.6930
1695777017650221152 1 41.8856 -87.7261
1806753652797948746 2 41.9801 -87.8440
1715823801179235270 2 41.7736 -87.7228
1806753648502981424 2 41.8000 -87.7600
1677249836714039386 1 41.7433 -87.5506
1448642179437434482 10 41.7058 -87.7171
1575949519568499430 9 41.8987 -87.7555
1806753652797948730 2 41.7946 -87.7709
1674190523014851470 1 41.9226 -87.7850
1582242315337619020 9 41.8282 -87.6945
1674190432820538100 1 41.8098 -87.5918
1674190316856420916 1 41.7536 -87.6439
1594041777104953206 12 41.7800 -87.7178
1436495109493626544 9 41.8830 -87.6499
1563698722681128992 9 41.9310 -87.8011
1683527937875852268 1 41.6590 -87.5485
1806753635618079450 2 41.9569 -87.7673
1674190166532565278 1 41.7608 -87.6635
1594046465420805300 9 41.9868 -87.6899
1806749747347777950 2 41.9956 -87.7864
1674190497245047656 3 41.7190 -87.6207
1715823801179235264 1 41.7788 -87.7269
1674190458590341924 2 41.8950 -87.7599
1677249793764366370 1 41.8446 -87.7101
1594046452527747848 9 41.9340 -87.6908
1674190488655113046 2 41.9517 -87.7720
1674190230957074842 2 41.6574 -87.6064
1695776990330095648 3 41.7371 -87.5732
1561012895895892548 9 41.8442 -87.7322
1806753644208014090 2 41.7535 -87.7070
1582242323927553626 1 41.7810 -87.6834
1674190651863870574 2 41.7792 -87.6911
1806749748672676376 2 41.9911 -87.7991
1594046456830870690 9 41.9502 -87.7065
1715846696911078242 2 41.9100 -87.7327
1715823783999366064 1 41.7356 -87.6517
1571105059410550806 9 41.9533 -87.8071
1806753669977818016 2 41.9906 -87.8169
1677249802354300980 4 41.6949 -87.6544
1674190329741322836 1 41.8077 -87.7226
1674190583144393718 2 41.8129 -87.7225
1677249810944235574 1 41.6948 -87.6530
1677249849598941300 1 41.7014 -87.6818
1674190647568903276 1 41.8947 -87.7682
1674190235252042142 2 41.7664 -87.5753
1674190561669557208 2 41.8367 -87.7308
1674190437115505412 2 41.9241 -87.7569
1677249823829137478 2 41.7458 -87.6598
1674190273906747874 1 41.7162 -87.6043
1674190308266486300 1 41.8093 -87.6129
1436495118083561146 6 41.9362 -87.6538
1806749748672676378 3 41.9939 -87.7925
1674190243841976756 2 41.9257 -87.7464
1695780078787721704 1 41.9902 -87.7156
1582242289567815212 9 41.7751 -87.7081
1674190295381584396 1 41.7044 -87.5354
1674190462885309230 2 41.7996 -87.6415
1806749755937712544 2 41.9974 -87.7631
1715846708743717234 1 41.8728 -87.7132
1674190222367140232 8 41.8783 -87.7649
1561012895895892552 9 41.8589 -87.7080
1582242293862782512 9 41.8136 -87.6932
1806749735787774448 4 41.9686 -87.7612
1436495109493626546 8 41.8856 -87.6485
1674190638978968662 2 41.7303 -87.6117
1561012883010990646 9 41.8367 -87.7256
1674190153647663368 1 41.7067 -87.7000
1806749731492807142 10 41.9746 -87.8120
1594046448232780548 9 41.8402 -87.6941
1695776948350710230 1 41.9021 -87.7531
1436495105198659246 6 41.8856 -87.6532
1593766347538293666 9 41.7787 -87.7325
1674190295381584392 1 41.7117 -87.5351
1806749740082741756 4 41.9713 -87.7639
1674190170827532586 1 41.9277 -87.7757
1674190527309818770 1 41.9382 -87.7874
1674190630389034056 2 41.7948 -87.7321
1563698675436490730 9 41.9273 -87.7852
1715846691563848032 1 41.8955 -87.7081
1674190643273935964 1 41.7206 -87.6510
1674190660453805192 2 41.7040 -87.6820
1674190591734328322 1 41.7594 -87.6541
1677249862483843204 2 41.8164 -87.6448
1674190462885309228 2 41.7159 -87.6392
1674190153647663366 3 41.8862 -87.7147
1806753665682850704 2 41.7642 -87.7201
1674190286791649782 2 41.7262 -87.6347
1674190145057728766 2 41.7217 -87.6223
1677249866778810502 1 41.8201 -87.6457
1674190261021845962 1 41.7076 -87.6035
1695777002429618978 1 41.7427 -87.6636
1806753648502981398 2 41.7643 -87.7030
1674190647568903270 1 41.7062 -87.6690
1677249853893908598 1 41.7140 -87.6678
1695776980954782472 2 41.7025 -87.5351
1674190501540014956 3 41.9465 -87.7357
1674190604619230232 6 42.0095 -87.7047
1683527963645655060 1 41.8191 -87.6264
1806753665682850708 2 41.7423 -87.7097
1571105063705518106 9 41.9459 -87.7789
1806749757262611028 4 41.9995 -87.7605
1695777008480252434 2 41.7721 -87.6217
1695776989544717076 1 41.7358 -87.6070
1674190265316813264 1 41.7384 -87.6048
1561012887305957948 9 41.8592 -87.7177
1806749752967643696 4 41.9831 -87.7116
1683527955055720454 1 41.7948 -87.6189
1674190372690995872 2 41.7883 -87.7036
1575949532952438778 9 41.9223 -87.8020
1582242311042651716 1 41.7792 -87.7056
1674190222367140228 2 41.9476 -87.8293
1674190338331257440 1 41.7430 -87.6663
1677249793764366376 1 41.6551 -87.5976
1674190291086617088 1 41.8124 -87.6446
1674190351216159354 9 41.6925 -87.6177
1563698718386161684 9 41.9384 -87.7725
1806749731492807140 2 41.9661 -87.7593
1695776941114034252 1 41.8704 -87.7253
1571105055115583500 9 41.9416 -87.8073
1448642175142467180 6 41.6798 -87.6208
1448642188027369086 6 41.6536 -87.6171
1715823796884267962 1 41.7777 -87.7139
1674190578849426420 2 41.8179 -87.7241
1594046418168009436 9 41.9415 -87.7011
1806749727197839828 4 41.9563 -87.7508
1806749752967643706 4 42.0023 -87.8171
1806753652797948736 2 41.9682 -87.7195
1715846695858815334 1 41.9099 -87.7340
1674190630389034058 2 41.8009 -87.6908
1674190218072172928 1 41.8022 -87.6185
1806749740082741758 10 41.9718 -87.7576
1674190467180276532 1 41.6990 -87.5428
1677249819534170180 1 41.7371 -87.5840
1806753639913046774 2 41.9736 -87.8411
1715846701206045544 2 41.8866 -87.7166
1674190694813543600 3 41.8417 -87.7344
1674190243841976758 2 41.9158 -87.7461
1806749731492807134 2 41.9595 -87.7534
1806749748672676388 4 41.9915 -87.7821
1674190638978968664 1 41.7356 -87.6453
1806749757262611014 4 41.9983 -87.7637
1674190424230603494 1 41.6779 -87.6234
1448642183732401786 10 41.7073 -87.5940
1582242319632586318 9 41.8223 -87.6997
1683527948705025022 1 41.8588 -87.7343
1674190338331257442 1 41.9441 -87.8273
1806749718607905154 2 41.7414 -87.7218
1677249836714039390 1 41.6915 -87.7133
1806753652797948752 2 41.9881 -87.7914
1674190359806093958 1 41.9416 -87.7324
1674190471475243834 1 41.8123 -87.6662
1806753661387883392 2 41.9952 -87.7290
1674190531604786074 1 41.9210 -87.7974
1674190213777205620 2 41.9985 -87.6998
1575949506683597526 9 41.9159 -87.7851
1593766338948359064 9 41.7934 -87.7306
1683527963645655062 1 41.7367 -87.5858
1677249772289529866 1 41.9828 -87.7123
1674190651863870576 5 41.8947 -87.6952
1695776948350710232 3 41.8921 -87.7467
1582242289567815208 6 41.7788 -87.6886
1674190338331257438 3 41.9093 -87.7823
1827484051430132402 4 41.9787 -87.7555
1674190175122499898 2 41.7098 -87.5342
1448642162257565286 5 41.6926 -87.6281
1806753657092916064 2 41.7922 -87.7977
1674190664748772494 1 41.7006 -87.6813
1594046439642845942 6 41.9747 -87.6979
1677249845303973992 1 41.6917 -87.6810
1674190587439361022 4 41.9246 -87.7274
1674190475770211138 1 41.7798 -87.6529
1674190454295374620 1 41.7209 -87.6696
1806749727197839824 4 41.9531 -87.6888
1695780087377656308 1 41.8808 -87.7208
1571105042230683636 9 41.9450 -87.8119
1674190407050734276 2 41.9534 -87.7296
1683527933580884970 1 41.7837 -87.6129
1715823812554906158 1 41.7797 -87.7078
1571105059410550802 9 41.9520 -87.8333
1806753665682850694 4 41.7493 -87.7396
1594046456822715152 6 41.9883 -87.7030
1674190600324262932 1 41.8552 -87.7346
1806749744377709066 2 41.9684 -87.7257
1677249888253647024 1 41.6779 -87.6208
1806753652797948728 2 41.9717 -87.7723
1806753661387883382 2 41.9855 -87.7696
1674190149352696064 1 41.6811 -87.6551
1594046400988140228 9 41.8516 -87.6906
1806753635618079462 2 41.7764 -87.7424
1806749748672676384 4 41.9923 -87.7833
1695776963774913278 1 41.6922 -87.6406
1677249883958679718 1 41.7026 -87.5599
1674190480065178436 1 41.7525 -87.6530
1674190656158837886 2 41.7458 -87.6316
1715846709795980144 1 41.8665 -87.7108
1674190334036290136 6 41.7807 -87.5876
1674190510129949562 2 41.7067 -87.6475
1806749761557578338 4 42.0119 -87.8126
1806753661387883376 2 41.9930 -87.8217
1594046448262943690 9 41.9610 -87.7009
1674190673338707102 1 41.8048 -87.6837
1806753652797948744 2 41.9853 -87.7867
1806753657092916062 2 41.9748 -87.8060
1674190613209164834 2 41.7906 -87.7110
1674190514424916870 2 41.6930 -87.7011
1582242315337619018 6 41.8114 -87.7040
1594046392398205624 9 41.8711 -87.6937
1674190540194720686 1 41.7047 -87.5655
1674190643273935966 1 41.7212 -87.6507
1673852317692131950 1 42.0119 -87.7004
1622723153590485808 9 41.8658 -87.7718
1674190222367140236 2 41.8737 -87.7647
1695776976641823202 1 41.7004 -87.5353
1674190617504132142 2 41.8847 -87.7505
1674190278201715174 2 41.7483 -87.6732
1806749722902872498 4 41.7904 -87.7800
1806753657092916058 2 41.9903 -87.7954
1674190351216159352 1 41.7950 -87.5841
1715846718385914740 2 41.8500 -87.7167
1674190557374589904 2 41.7849 -87.6475
1806753635618079454 2 41.9928 -87.7656
1674190419935636190 1 41.7860 -87.7236
1594046379513303720 6 41.8846 -87.6859
1806749744377709064 2 41.9686 -87.7406
1674190544489687988 1 41.9381 -87.8119
1674190256726878660 4 41.9279 -87.7466
1806753648502981400 4 41.7607 -87.7024
1561012878716023346 12 41.8389 -87.7169
1674190677633674406 2 41.7753 -87.6692
1677249815239202878 1 41.7370 -87.6040
1674190664748772492 2 41.7026 -87.6815
1674190574554459112 1 41.7133 -87.6311
1806753639913046772 2 41.7360 -87.6727
1674190157942630672 1 41.7789 -87.7008
1674190638978968660 1 41.6916 -87.7074
1715823826949039076 1 41.7946 -87.7038
1695776995595350522 2 41.7017 -87.6813
1674190419935636188 2 41.8005 -87.7318
1674190475770211136 1 41.8656 -87.7724
1674190450000407316 2 41.7995 -87.7598
1674190265316813262 1 41.7401 -87.6047
1594046422462976738 9 41.9339 -87.7073
1827474404723843690 2 41.9787 -87.7555
1674190587439361024 1 41.8661 -87.7245
1575949515273532130 9 41.8954 -87.7336
1827484051430132400 1 41.7412 -87.7131
1806753644208014096 2 41.7393 -87.6691
1695776969825546726 1 41.7026 -87.5387
1582242285272847904 9 41.7863 -87.6874
1500206163166594382 9 41.8580 -87.6319
1674190608914197532 2 41.8830 -87.7000
1674190329741322834 3 41.9612 -87.7224
1674190505834982260 1 41.9406 -87.7261
1683527931525155818 2 41.9660 -87.7169
1674190278201715178 1 41.7404 -87.6732
1806749744377709074 2 41.9806 -87.8060
1674190540194720684 1 41.7491 -87.6796
1674190235252042148 4 42.0145 -87.6901
1674190136467794156 2 41.6927 -87.6706
1594041785694887806 6 41.8023 -87.7344
1806749734462876060 4 41.9743 -87.7504
1674190492950080346 2 41.8800 -87.7703
1806753665682850712 2 41.7454 -87.7089
1806753635618079452 2 41.9654 -87.7673
1677249823829137480 2 41.7505 -87.6573
1677249858188875900 1 41.7949 -87.6174
1674190334036290134 3 41.8011 -87.5848
1677249849598941296 2 41.6925 -87.6740
1806753665682850716 2 41.9957 -87.7163
1695776957520678960 1 41.6776 -87.6376
1715823822654071770 1 41.8019 -87.6809
1695776950890011384 2 41.9069 -87.7544
1674190510129949566 1 41.7358 -87.6481
1674190450000407312 1 41.7077 -87.6087
1715823816849873466 1 41.8070 -87.6579
1677249845303973994 2 41.6916 -87.6718
1806749722902872496 3 41.7853 -87.7626
1674190239547009458 6 41.9392 -87.7117
1677249785174431766 1 41.9427 -87.7300
1806749748672676380 4 41.9928 -87.7993
1806749731492807138 4 41.9606 -87.7516
1827484051430132398 2 41.7489 -87.7037
1806749744377709058 2 41.9683 -87.7301
1677249798059333678 1 41.6782 -87.6308
1715846700153782636 2 41.8847 -87.7114
1695777002429618974 1 41.7152 -87.6817
1594046383808271020 9 41.8813 -87.6940
1683527950760754170 2 41.8228 -87.6095
1563698701206292482 6 41.9497 -87.7470
1715823792589300662 1 41.7789 -87.6998
1594046388103238324 6 41.8775 -87.6974
1683527952999991298 10 41.9177 -87.7596
1674190540194720688 1 41.7225 -87.5657
1715846705501012844 2 41.8662 -87.7179
1593766334653391756 9 41.8093 -87.7478
1806749722902872504 2 41.7942 -87.7714
1695776953225711660 1 41.9422 -87.8132
1674190312561453608 1 41.7079 -87.6432
1695780074116615022 10 41.9889 -87.7028
1674190561669557204 3 41.7060 -87.6538
1674190205187271014 2 41.8152 -87.7027
1674190226662107534 1 41.8873 -87.7650
1448642188027369090 6 41.7382 -87.5311
1575949519568499428 9 41.9040 -87.7216
1674190381280930476 2 41.7770 -87.7032
1674190355511126652 2 41.7599 -87.5906
1674190226662107536 1 41.9327 -87.7662
1594046422462976736 9 41.9387 -87.6930
1674190364101061260 1 41.8443 -87.7271
1582242319632586320 6 41.8155 -87.7024
1806753631323112134 2 41.9732 -87.7779
1674190656158837882 1 41.7507 -87.6299
1674190407050734272 1 41.9207 -87.7420
1806753644208014100 2 41.9902 -87.7472
1674190303971519002 1 41.6572 -87.5526
1674190157942630676 2 41.8038 -87.7355
1806753657092916072 2 41.9789 -87.7962
1806753661387883390 2 41.9858 -87.7283
1674190484360145744 2 41.8777 -87.7694
1674190402755766966 1 41.7707 -87.6117
1674190651863870582 1 41.7073 -87.6278
1674190291086617090 2 41.7544 -87.6017
1806753648502981420 2 41.9779 -87.7563
1806753669977818020 2 41.7593 -87.6833
1561012874421056044 9 41.8535 -87.7245
1674190565964524512 1 41.8095 -87.6190
1683527959350687758 2 41.7662 -87.5628
1806753652797948732 2 41.7980 -87.7732
1806749744377709078 4 41.9938 -87.7926
1677249879663712420 2 41.7084 -87.5815
1683527927230188514 1 41.7980 -87.6207
1806749718607905168 2 41.7374 -87.7213
1695776938005109486 1 41.8716 -87.7252
1806749731492807126 4 41.9556 -87.7475
1715823791080069664 1 41.7793 -87.6927
1674190183712434506 2 41.9538 -87.7242
1695776956346497674 1 41.6923 -87.6355
1674190192302369106 1 41.6552 -87.5469
1674190445705440014 2 41.8708 -87.7184
1674190239547009450 1 41.9427 -87.7619
1593766334653391752 12 41.8004 -87.7247
1674190346921192048 1 41.7300 -87.5496
1677249823829137482 1 41.7503 -87.6617
1674190213777205626 10 41.8226 -87.6950
1674190467180276534 1 41.7419 -87.5432
1674190368396028562 2 41.9529 -87.7312
1593766343243326364 9 41.7842 -87.7226
1715846700153782638 2 41.8862 -87.7155
1677249828124104786 1 41.7499 -87.6437
1674190273906747872 1 41.7273 -87.6048
1674190480065178440 1 41.9213 -87.7767
1806749757262611010 2 41.9974 -87.7628
1674190239547009454 1 41.7933 -87.7077
1806749722902872490 3 41.7809 -87.7876
1677249815239202876 1 41.7318 -87.6049
1674190613209164838 2 41.9830 -87.7114
1575949498093662918 9 41.9023 -87.7705
1674190531604786076 2 41.9380 -87.7961
1677249785174431770 1 41.9244 -87.7400
1674190437115505410 2 41.9387 -87.7556
1674190604619230230 1 41.9976 -87.7046
1674190381280930480 2 41.9721 -87.7086
1677249841009006690 1 41.6914 -87.7003
1674190673338707104 1 41.7968 -87.6834
1806749735787774444 4 41.9679 -87.7676
1806749752967643698 4 42.0044 -87.8111
1674190424230603488 1 41.8857 -87.7354
1436495119852630436 6 41.8958 -87.6785
1806753665682850718 2 41.7643 -87.7019
1695780083082689008 9 41.9279 -87.7358
1594046400988140226 9 41.8465 -87.7001
1806753639913046766 2 41.7492 -87.7044
1674190299676551694 1 41.7029 -87.5359
1695776991300383220 1 41.6987 -87.6816
1674190346921192050 6 41.7995 -87.5842
1674190686223609002 1 41.7065 -87.6671
1677249888253647030 1 41.6741 -87.6204
1677249883958679722 1 41.7084 -87.5632
1582242323927553620 9 41.7899 -87.7032
1806749752967643712 2 41.9959 -87.8052
1677249772289529870 1 41.9759 -87.7104
1674190179417467196 1 41.7026 -87.5335
1677249875368745112 1 41.6970 -87.5983
1683527974474827792 1 41.7795 -87.5960
1715823786785102364 1 41.7358 -87.6469
1806749757262611026 4 41.9983 -87.7634
1806749725872941466 2 41.9600 -87.7671
1695776998116659702 1 41.7186 -87.6815
1677249793764366374 5 41.6531 -87.6011
1594046456822715150 9 41.9847 -87.7016
1674190664748772498 2 41.6916 -87.6815
1806749731492807146 2 41.9806 -87.8050
1674190600324262928 4 41.8560 -87.7298
1806753652797948740 2 41.7497 -87.6939
1806749722902872506 4 41.7929 -87.7802
1695776985071215288 1 41.7099 -87.5354
1563698705501259788 9 41.9307 -87.7441
1674190484360145746 1 41.8983 -87.7705
1674190157942630668 1 41.6917 -87.6985
1674190591734328324 2 41.7558 -87.6541
1695777004185285136 1 41.7791 -87.6640
1674190634684001360 2 41.7171 -87.5600
1674190295381584388 2 41.7805 -87.6075
1582242306747684418 12 41.7940 -87.6858
1561012874421056046 9 41.8445 -87.7233
1674190398460799668 1 41.8229 -87.7042
1695776985249749776 1 41.7283 -87.6627
1674190282496682478 2 41.6576 -87.6107
1674190621799099444 1 41.9584 -87.7157
1715823796884267966 1 41.7788 -87.7236
1677249836714039384 1 41.7448 -87.5586
1683527967940622360 1 41.7281 -87.6485
1561012887305957952 9 41.8608 -87.7314
1575949493798695614 9 41.8952 -87.7482
1715846688321143644 1 41.9028 -87.6924
1594046461117682452 9 41.9907 -87.6971
1806753631323112148 2 41.7357 -87.6922
1674190218072172926 2 41.6540 -87.6142
1674190428525570800 1 41.8147 -87.5980
1806753644208014098 2 41.9990 -87.7896
1806749757262611020 2 41.9975 -87.7641
1674190166532565276 2 41.7658 -87.6643
1674190312561453616 2 41.7774 -87.6445
1582242302452717116 9 41.7991 -87.7034
1674190308266486306 2 41.8615 -87.7334
1674190196597336414 2 41.7205 -87.5775
1806753644208014094 2 41.7499 -87.7075
1674190407050734270 10 41.7784 -87.7340
1674190523014851472 1 41.9214 -87.8008
1715823808259938858 1 41.7784 -87.7334
