739
6000
0 38.8954 -77.0742
08256d91-1f3f-11e7-bf6b-3863bb334450 27 38.8923 -77.0139
5eb5b5a7-db69-4d8a-a16a-604678a544b7 15 38.9043 -77.1278
08256e11-1f3f-11e7-bf6b-3863bb334450 31 38.8870 -77.0138
0825e56c-1f3f-11e7-bf6b-3863bb334450 19 39.1198 -77.1661
0826402c-1f3f-11e7-bf6b-3863bb334450 15 38.8939 -77.0709
082569e6-1f3f-11e7-bf6b-3863bb334450 11 38.8673 -77.0723
e456b38d-7f5e-4d06-b2bc-022b42097a06 11 38.8373 -77.1061
0825201c-1f3f-11e7-bf6b-3863bb334450 15 38.9287 -77.0125
0826139b-1f3f-11e7-bf6b-3863bb334450 19 38.9462 -77.0806
08261e7a-1f3f-11e7-bf6b-3863bb334450 23 38.8950 -77.0031
0825f723-1f3f-11e7-bf6b-3863bb334450 19 38.9018 -77.0511
08258475-1f3f-11e7-bf6b-3863bb334450 9 39.0948 -77.1452
5dfab137-f65a-41c0-99ef-d58f29a735b2 19 38.9523 -77.3615
0824bce1-1f3f-11e7-bf6b-3863bb334450 19 38.9004 -77.0019
082514b8-1f3f-11e7-bf6b-3863bb334450 15 38.9127 -77.0222
6ffb5d30-d3f4-462b-8182-c552bebc9310 19 38.9240 -77.2081
0824ea2c-1f3f-11e7-bf6b-3863bb334450 15 38.8972 -77.0721
0826345e-1f3f-11e7-bf6b-3863bb334450 15 38.9293 -77.2407
10d57c0d-6f3c-45d1-8a12-eda5665e213c 15 39.0062 -76.8912
84a0159b-5f00-417a-8f06-6c7c8437049f 15 38.8708 -77.0119
0825df01-1f3f-11e7-bf6b-3863bb334450 15 39.1031 -77.1964
8d8a3add-40b4-41ba-bffe-5a754ebc1625 15 38.7931 -77.0494
08260472-1f3f-11e7-bf6b-3863bb334450 27 38.8624 -77.0891
0824c229-1f3f-11e7-bf6b-3863bb334450 25 38.8905 -76.9884
0825b2e7-1f3f-11e7-bf6b-3863bb334450 11 38.9771 -77.0946
68eaf9f5-7b2d-4f60-9f02-9f5ba1103f80 19 38.9658 -77.0686
ee2cb739-9118-4069-b4f7-435ef53db537 15 38.8830 -76.9497
42ad2bc8-22b5-40f2-8a56-e562e4ecde07 15 38.9594 -76.9464
082605b0-1f3f-11e7-bf6b-3863bb334450 19 38.9613 -77.0279
3af8c81c-b8d8-4af7-afe9-332a2cac4672 16 38.8368 -77.0573
0825164b-1f3f-11e7-bf6b-3863bb334450 27 38.9281 -77.0238
472dee60-f045-4f2e-9807-193e3ae9b661 12 38.8007 -77.0480
987decdd-577d-4614-a6eb-307944a634b4 15 38.9084 -76.8433
0825e3b0-1f3f-11e7-bf6b-3863bb334450 19 38.9207 -76.9959
08253a4b-1f3f-11e7-bf6b-3863bb334450 15 38.8107 -77.0446
e823318f-8406-4230-8072-1667f5de78d4 19 38.9537 -77.3597
8bbafd08-edb1-426d-94f4-c7b7d9be34dd 19 38.9389 -76.9972
7c46ff05-4fca-44e6-a50b-acbc57e8100b 15 38.8191 -77.0103
08257325-1f3f-11e7-bf6b-3863bb334450 15 38.9854 -77.0231
082650b1-1f3f-11e7-bf6b-3863bb334450 15 38.9881 -76.9884
08251448-1f3f-11e7-bf6b-3863bb334450 19 38.8812 -77.0018
0824f461-1f3f-11e7-bf6b-3863bb334450 19 38.9207 -77.0437
7a19d0e7-2b3c-4805-b843-1aec84a05bfe 19 38.9126 -77.0743
0825b553-1f3f-11e7-bf6b-3863bb334450 15 38.9940 -77.0304
08254442-1f3f-11e7-bf6b-3863bb334450 19 38.9009 -77.0187
08261f4b-1f3f-11e7-bf6b-3863bb334450 19 38.8853 -77.1564
082624fc-1f3f-11e7-bf6b-3863bb334450 23 38.9026 -77.0137
12b1c990-90e7-4fef-a5b9-c78d4c81af96 19 38.8833 -76.9253
f08db1df-054a-46c8-a3e1-b349f2a26d5e 11 38.8733 -77.2730
0824773f-1f3f-11e7-bf6b-3863bb334450 23 38.9232 -77.0476
0824d0c6-1f3f-11e7-bf6b-3863bb334450 55 38.8970 -77.0049
0825be94-1f3f-11e7-bf6b-3863bb334450 11 38.8378 -77.0935
08263959-1f3f-11e7-bf6b-3863bb334450 15 38.9606 -77.3563
d72b1790-0fea-4af8-9d2a-fd4d4db24d1a 15 38.8237 -77.0022
dfa896d9-9209-413d-b494-e255ef513d2c 19 38.8001 -77.1299
08255063-1f3f-11e7-bf6b-3863bb334450 19 38.9081 -77.0384
08263aa1-1f3f-11e7-bf6b-3863bb334450 19 38.8849 -77.0060
08263cab-1f3f-11e7-bf6b-3863bb334450 19 38.8918 -76.9136
082623bf-1f3f-11e7-bf6b-3863bb334450 19 38.8881 -77.0383
85c2fb24-d241-4550-8968-2cdf85462af7 12 38.9305 -77.3459
082480f1-1f3f-11e7-bf6b-3863bb334450 11 38.9014 -76.9419
0825610d-1f3f-11e7-bf6b-3863bb334450 19 38.8972 -76.9836
082537e4-1f3f-11e7-bf6b-3863bb334450 19 38.9038 -77.0284
0825ac97-1f3f-11e7-bf6b-3863bb334450 11 38.9897 -77.0239
08262494-1f3f-11e7-bf6b-3863bb334450 15 38.8434 -77.0640
08265124-1f3f-11e7-bf6b-3863bb334450 19 39.0384 -77.0510
21cdfe0d-71ad-4302-a003-3cfc0d355af9 19 38.9073 -77.0007
e976c0ab-bc21-42b3-a2c2-b90def6f54f4 12 38.9668 -77.3293
0825fbd3-1f3f-11e7-bf6b-3863bb334450 19 38.9645 -77.0751
08256670-1f3f-11e7-bf6b-3863bb334450 31 38.9168 -77.0281
d34d2639-ee43-4892-818f-f01116813744 17 38.9688 -76.9542
08263fbd-1f3f-11e7-bf6b-3863bb334450 11 38.9514 -77.3404
febec658-2bcd-473e-8ba8-f84f016da7cd 11 38.8373 -77.0609
0825762e-1f3f-11e7-bf6b-3863bb334450 19 39.0963 -77.1927
0825ff8d-1f3f-11e7-bf6b-3863bb334450 15 38.8954 -77.0971
08261d9d-1f3f-11e7-bf6b-3863bb334450 23 38.8843 -77.0260
6e652351-dad9-45e4-a0a7-dda0417973f4 12 38.8806 -77.1719
08254943-1f3f-11e7-bf6b-3863bb334450 19 38.9425 -77.0327
082604dd-1f3f-11e7-bf6b-3863bb334450 23 38.8997 -77.0037
0825e4d5-1f3f-11e7-bf6b-3863bb334450 15 38.8407 -77.0887
6922a398-ec20-493d-a832-5e337cf335f5 15 39.0003 -76.8780
0825213e-1f3f-11e7-bf6b-3863bb334450 12 38.8840 -77.1078
0825e1e5-1f3f-11e7-bf6b-3863bb334450 15 38.9004 -77.0121
0825faf6-1f3f-11e7-bf6b-3863bb334450 15 38.9867 -77.0000
08259c89-1f3f-11e7-bf6b-3863bb334450 15 38.9825 -77.0920
f0101beb-a103-46e4-93f5-c7880b85411b 12 38.8769 -77.1958
082520aa-1f3f-11e7-bf6b-3863bb334450 19 38.8828 -77.1031
08254284-1f3f-11e7-bf6b-3863bb334450 25 38.8883 -77.0494
6d5ad96d-a704-4fa6-8b65-3ac643c5aa93 19 38.9150 -77.0078
a2507ccc-aca1-48b2-a6a3-a3144ad92d21 19 38.9126 -77.0456
0824a703-1f3f-11e7-bf6b-3863bb334450 23 38.8948 -76.9959
83c9bc80-bc42-4e5d-9f5e-6c24812e6e37 17 38.8951 -77.0739
a07bd5e0-5136-4285-ae23-54a74124957e 19 38.9074 -76.9868
94b1507c-7f76-483c-b06a-a4131e0b5970 19 38.8748 -77.0208
0824c772-1f3f-11e7-bf6b-3863bb334450 35 38.8973 -77.0222
082547de-1f3f-11e7-bf6b-3863bb334450 15 38.9566 -77.0198
0825f2b1-1f3f-11e7-bf6b-3863bb334450 12 38.9847 -77.0945
0825be05-1f3f-11e7-bf6b-3863bb334450 19 38.8997 -77.0089
08252530-1f3f-11e7-bf6b-3863bb334450 15 38.8959 -77.0890
c98241f4-a3c0-4eb8-86bd-dd057baa0192 12 38.9638 -77.3498
082644bc-1f3f-11e7-bf6b-3863bb334450 19 38.9029 -76.9984
08253c6b-1f3f-11e7-bf6b-3863bb334450 29 38.8146 -77.0528
3d8b6392-9572-4c65-b71c-fd8f03af9ab2 12 38.8778 -77.2094
0825525a-1f3f-11e7-bf6b-3863bb334450 15 38.9233 -77.0352
8d68e4db-0bc9-440a-9b27-5d34ed1b93c9 12 38.9667 -77.3485
08252b28-1f3f-11e7-bf6b-3863bb334450 19 38.9051 -76.9941
0826183f-1f3f-11e7-bf6b-3863bb334450 19 38.9127 -77.0363
5e571279-84a3-4dd6-9ee5-6a834e4c624a 12 38.8797 -77.1784
082518eb-1f3f-11e7-bf6b-3863bb334450 15 38.8965 -76.9601
0826380c-1f3f-11e7-bf6b-3863bb334450 11 38.9700 -77.3387
08254dee-1f3f-11e7-bf6b-3863bb334450 15 38.8423 -77.0896
a3761e59-db36-4b61-8bb3-8d523af69b96 15 39.0005 -77.0008
08256ac9-1f3f-11e7-bf6b-3863bb334450 15 38.8949 -77.0232
6edca550-d78f-4c5d-ad2c-79d1ce88c48d 19 39.0410 -76.9871
066fd95e-0d37-4eea-a027-88c04277bb9d 15 38.9322 -76.9961
c0ec45a3-ec59-4c82-9671-13d9c122be30 12 38.9832 -77.3418
08246df5-1f3f-11e7-bf6b-3863bb334450 19 38.8623 -77.0599
bed9b757-0df2-4a97-a6ac-415db00e82c8 19 38.8960 -76.9678
ebbf6e18-684d-4fc9-ad4d-c025b8d76556 17 38.9657 -76.9548
13c42471-96ab-441d-9a4c-bc57f7af6f9b 12 38.9440 -77.3536
08253b95-1f3f-11e7-bf6b-3863bb334450 15 38.8056 -77.0529
082595a1-1f3f-11e7-bf6b-3863bb334450 15 39.0837 -77.1492
0824eba7-1f3f-11e7-bf6b-3863bb334450 15 38.8934 -77.0764
2a43f4e2-4102-482e-8879-245cf7555c6b 27 38.9344 -77.0327
1b55b8fa-73d6-4076-98e5-9f177d22958e 11 39.1056 -77.2039
082522f0-1f3f-11e7-bf6b-3863bb334450 35 38.8888 -77.0287
a77b8993-6d68-425e-a37a-0e613a7cb17a 11 38.8786 -77.2308
0a5dbbe0-1325-49af-9fca-f0748ca06dc0 15 38.8648 -77.0569
0136af02-2670-4042-b5cd-18b46c15c0c1 12 38.9587 -77.3615
cdeeb133-ccd7-418f-a8d7-0b5c5380a8ae 15 38.8158 -77.1100
fbbeab20-556d-4275-98a9-f84d316c157f 19 38.8999 -76.9949
082630e2-1f3f-11e7-bf6b-3863bb334450 15 38.8187 -77.0478
082572b6-1f3f-11e7-bf6b-3863bb334450 11 38.8718 -77.1079
08257f71-1f3f-11e7-bf6b-3863bb334450 19 39.0938 -77.2025
082614e4-1f3f-11e7-bf6b-3863bb334450 19 38.8983 -77.1180
ae007456-14ad-4619-a92e-e3a40f93a412 19 38.9261 -77.0366
0825756e-1f3f-11e7-bf6b-3863bb334450 11 38.9838 -77.0922
cec05512-b9d1-4671-bc76-8b168079db93 11 39.0025 -76.9162
66c82803-70e3-496f-9942-30e0936de3f5 19 38.8718 -77.0059
08249a1c-1f3f-11e7-bf6b-3863bb334450 15 38.8870 -76.9968
347b72fa-4ae2-4017-a9bf-344a122cddeb 11 38.8289 -77.1106
0826233f-1f3f-11e7-bf6b-3863bb334450 19 38.8905 -77.0494
08261ee4-1f3f-11e7-bf6b-3863bb334450 23 38.8285 -77.0861
2574f980-163e-4b9b-8107-6145615815b3 19 38.8808 -77.0057
08254037-1f3f-11e7-bf6b-3863bb334450 15 38.9009 -77.0489
d3cf2811-ca2e-4d2c-9843-8a90049b7b80 12 38.9434 -77.3623
082484cf-1f3f-11e7-bf6b-3863bb334450 39 38.8750 -77.0058
ad6ec1ce-db22-47c1-acf3-507897d40725 19 38.9363 -77.0871
0824aa39-1f3f-11e7-bf6b-3863bb334450 23 38.9003 -77.0298
082544b7-1f3f-11e7-bf6b-3863bb334450 15 38.9438 -77.0771
5b745524-d0d3-4197-8c69-0ad4e5761883 19 38.9053 -77.0503
08258d95-1f3f-11e7-bf6b-3863bb334450 15 38.9211 -77.0319
77cd13d5-f671-437a-a59c-bcc74c6b211e 15 38.9308 -76.9729
0825180e-1f3f-11e7-bf6b-3863bb334450 15 38.9303 -77.0556
30b5e0c1-7ca6-4050-8566-3fccf0b60890 19 38.9537 -77.0256
3dd9e864-a5fc-4c27-b18e-325226089293 15 38.9755 -76.9522
27d919c7-7fda-41d1-9c05-2f537d5c4ce2 15 38.9546 -76.9595
bcb21167-85ed-4374-8807-d9409aaa01a5 15 38.9698 -76.9493
29f174dd-e7bc-4329-a570-0220f0d1be84 12 38.9785 -77.3535
0825388d-1f3f-11e7-bf6b-3863bb334450 19 38.9015 -77.0466
08251532-1f3f-11e7-bf6b-3863bb334450 15 38.9418 -77.0251
0825f1f7-1f3f-11e7-bf6b-3863bb334450 19 39.0844 -77.1469
58c07d78-f78e-4215-8548-7b0f37bafc73 15 39.1070 -77.1926
0824a5b0-1f3f-11e7-bf6b-3863bb334450 19 38.9037 -77.0425
082636d5-1f3f-11e7-bf6b-3863bb334450 13 38.9319 -77.2193
08251c45-1f3f-11e7-bf6b-3863bb334450 11 38.8503 -77.1010
0825b614-1f3f-11e7-bf6b-3863bb334450 11 38.9994 -77.0316
0826518d-1f3f-11e7-bf6b-3863bb334450 15 39.0449 -77.0478
e84a9c46-89ce-45dc-866f-fe8cbc50e88e 15 38.8048 -77.0447
08265262-1f3f-11e7-bf6b-3863bb334450 15 39.0433 -77.0531
0825fa8b-1f3f-11e7-bf6b-3863bb334450 21 38.8906 -77.0848
0825b8f0-1f3f-11e7-bf6b-3863bb334450 19 38.9236 -77.0500
29b65d73-fc99-42e3-9007-2175402a5c56 17 38.8998 -76.8446
0824833c-1f3f-11e7-bf6b-3863bb334450 15 38.9191 -77.0006
d0a82ee8-e718-4598-aa5e-dda9292c248c 19 38.9063 -76.9832
0825460b-1f3f-11e7-bf6b-3863bb334450 15 38.8638 -77.0803
082639c8-1f3f-11e7-bf6b-3863bb334450 15 38.9551 -77.3516
08249fbc-1f3f-11e7-bf6b-3863bb334450 27 38.9004 -76.9883
0826444d-1f3f-11e7-bf6b-3863bb334450 11 38.9152 -77.2202
08249ef2-1f3f-11e7-bf6b-3863bb334450 27 38.9051 -77.0418
e07eed7c-2d2a-4f13-aff7-2be6500958f7 19 38.9170 -77.0958
54962348-19dd-47b8-a816-bce25eb658a1 19 38.8975 -76.9695
08252a00-1f3f-11e7-bf6b-3863bb334450 15 38.8800 -77.1079
3735d025-7e82-467c-8844-29d08d66b0e4 12 38.8854 -77.1736
0825f8da-1f3f-11e7-bf6b-3863bb334450 11 38.8201 -77.0576
889571f8-5774-4097-a31f-4b6e3f5b4381 16 38.8170 -77.0501
0826533b-1f3f-11e7-bf6b-3863bb334450 11 38.9704 -77.3408
0825b4c9-1f3f-11e7-bf6b-3863bb334450 19 39.1022 -77.1771
082493a5-1f3f-11e7-bf6b-3863bb334450 15 38.8994 -77.0153
08247c29-1f3f-11e7-bf6b-3863bb334450 19 38.9375 -77.0328
7346145e-f487-4f07-acb8-ed3e0b8b56bb 19 38.9180 -77.0455
b554d2fc-8912-4730-b2cb-9a3e1a96b223 27 38.9011 -77.0281
5075ddc9-7546-44a6-9445-0a48a53267df 19 39.0816 -76.9455
08256e7b-1f3f-11e7-bf6b-3863bb334450 15 38.8873 -77.0258
ae00650a-be2d-4912-8f0d-8338b3754eed 15 38.9742 -76.9952
f0d7675e-2ce0-41e7-94f5-28ca712fa456 15 38.8540 -77.1181
141766fa-fa3b-4c61-8e46-a8673c910a0c 12 38.8029 -77.0726
89263cc9-13f6-4185-b315-5164c9bb930e 19 38.9516 -77.0128
a0d0ec92-ebda-436a-b476-7ee9a7bdb67d 19 38.9027 -77.0214
0824799f-1f3f-11e7-bf6b-3863bb334450 19 38.9130 -77.0320
d8f65b11-57ec-4a9f-9b52-f5696e129f02 17 38.9621 -76.9356
174fc644-1a5a-4923-a8b5-373e0ad04525 15 38.8742 -77.1048
0824927c-1f3f-11e7-bf6b-3863bb334450 15 38.9057 -77.0055
0825b7cc-1f3f-11e7-bf6b-3863bb334450 15 39.1103 -77.1827
082486f0-1f3f-11e7-bf6b-3863bb334450 17 38.8762 -77.0042
08263b6d-1f3f-11e7-bf6b-3863bb334450 15 38.9596 -77.3587
0825f622-1f3f-11e7-bf6b-3863bb334450 23 38.8982 -77.0262
bce02846-6f5e-466a-a643-50534a119533 19 38.8985 -77.0531
08264173-1f3f-11e7-bf6b-3863bb334450 15 38.8124 -77.0407
2213781a-5c69-43eb-9b33-346d61e7e1ba 15 39.0461 -76.9757
082494e7-1f3f-11e7-bf6b-3863bb334450 15 38.8829 -76.9879
55fc40ce-5be9-4e45-9c84-daacced3c852 19 38.8841 -76.9864
08254d7e-1f3f-11e7-bf6b-3863bb334450 12 38.8474 -77.0954
08261245-1f3f-11e7-bf6b-3863bb334450 19 38.8945 -76.9748
0824bb59-1f3f-11e7-bf6b-3863bb334450 19 38.9325 -76.9935
0825738d-1f3f-11e7-bf6b-3863bb334450 19 38.9811 -77.0974
0825baa3-1f3f-11e7-bf6b-3863bb334450 15 38.9085 -76.9331
08249d44-1f3f-11e7-bf6b-3863bb334450 15 38.8863 -77.0222
082477f4-1f3f-11e7-bf6b-3863bb334450 19 38.9319 -77.0388
63fa246c-6bed-41f0-97eb-d2d7888c1db0 15 38.9362 -77.0272
08254529-1f3f-11e7-bf6b-3863bb334450 15 38.9548 -77.0824
0824806c-1f3f-11e7-bf6b-3863bb334450 15 38.8971 -76.9474
199df30f-328b-48af-8627-952bd9d6fe7c 15 38.9393 -76.9550
568a84a6-8911-48aa-8ad4-9a1b46564e9d 19 38.9567 -77.0279
7c790f6e-7889-4c3c-97d6-ffd37e68bb2d 15 38.8604 -76.9836
0824739d-1f3f-11e7-bf6b-3863bb334450 12 38.8507 -77.0515
732103a1-eedd-4044-afa6-67b2d192ff22 19 38.9169 -77.0296
082527e7-1f3f-11e7-bf6b-3863bb334450 23 38.8798 -77.0374
2a76806e-32b4-4ec6-a851-f73ba7dafda1 15 38.9126 -77.0088
5f0f9566-90d4-431e-9b6d-994e26d20ec6 19 38.8357 -76.9831
08253b2b-1f3f-11e7-bf6b-3863bb334450 27 38.9020 -77.0335
0824e68d-1f3f-11e7-bf6b-3863bb334450 31 38.8841 -77.0466
8dfb34e2-7f75-4359-a374-5bf5e86c4793 11 38.8824 -77.1128
f8b331c6-d208-4b17-b788-1a17d2520c40 19 38.9761 -77.0267
abd8bd04-94ec-4818-baf5-7f79742e982c 16 38.8863 -77.0843
0824a28b-1f3f-11e7-bf6b-3863bb334450 31 38.8972 -77.0193
de5bd592-0f48-4c6a-b7fc-8ff687c6e1a5 11 39.1233 -77.1649
0824844b-1f3f-11e7-bf6b-3863bb334450 15 38.9248 -77.0223
83fa4699-b2ee-4f14-af3b-167f34a62fb4 12 38.9044 -77.2218
08251984-1f3f-11e7-bf6b-3863bb334450 19 38.9051 -77.0569
0826132d-1f3f-11e7-bf6b-3863bb334450 23 38.9156 -76.9837
0824f3d6-1f3f-11e7-bf6b-3863bb334450 15 38.8894 -77.0919
08261407-1f3f-11e7-bf6b-3863bb334450 15 38.9941 -77.0770
a8ffa826-a14d-4bb0-ab33-de6b8c34d190 11 38.8386 -77.1162
0825f4f2-1f3f-11e7-bf6b-3863bb334450 15 38.8949 -77.0917
082524a2-1f3f-11e7-bf6b-3863bb334450 12 38.8932 -77.0861
08252260-1f3f-11e7-bf6b-3863bb334450 23 38.8886 -77.0324
7af26d39-a3b4-4fb3-b5b2-3acd415b9bea 15 38.8440 -77.0981
fe1f5f98-892e-4c51-b842-3d32c9f0b4ab 11 39.1062 -77.2024
082492e1-1f3f-11e7-bf6b-3863bb334450 19 38.9057 -77.0473
08253976-1f3f-11e7-bf6b-3863bb334450 19 38.8031 -77.0404
72e7c396-11ad-4e88-bf4b-e60584f748fc 19 38.9421 -77.0387
99644655-ef85-4e13-a331-a344d88ded32 15 38.8530 -77.0595
0824e2e3-1f3f-11e7-bf6b-3863bb334450 15 38.8440 -77.0505
9c6fb0a8-d371-433f-b52e-ca47881156b3 15 38.8730 -77.0176
0825f3d4-1f3f-11e7-bf6b-3863bb334450 19 38.9037 -77.0675
d1fd7121-67e3-46a9-b415-e84a565394f2 19 38.9581 -77.0138
55d4e20d-6b27-485e-8115-4046ac2313ea 19 38.9165 -77.0909
08256fcd-1f3f-11e7-bf6b-3863bb334450 12 38.8625 -77.0866
0826176a-1f3f-11e7-bf6b-3863bb334450 19 38.9583 -77.0846
9973e0f4-23dd-4b50-9ef4-8408fa8a1105 15 38.8216 -77.0011
af5c5675-452b-4e1f-9d9f-7f4a0c50388d 19 38.8845 -77.0658
461df1a0-fac6-4a11-ac4c-ff795e6299c9 19 38.9321 -77.0235
0825b27e-1f3f-11e7-bf6b-3863bb334450 11 38.9906 -77.1002
a016ea6f-0d7f-45fb-b8ac-0cfe22cd972a 12 38.8738 -77.1528
0824c1a1-1f3f-11e7-bf6b-3863bb334450 11 38.8900 -77.0003
08249b10-1f3f-11e7-bf6b-3863bb334450 11 38.8940 -76.9480
2260574d-dbc6-4416-9f8c-3e1fcc0d9f5b 15 38.8045 -77.1323
08250172-1f3f-11e7-bf6b-3863bb334450 27 38.8997 -77.0415
08252414-1f3f-11e7-bf6b-3863bb334450 19 38.8946 -77.0199
0826005e-1f3f-11e7-bf6b-3863bb334450 19 38.9148 -77.0036
4f9000ec-e47e-494e-9b49-61e95b5a6f03 19 38.9142 -77.0216
d325a449-32d7-488d-b746-9455ad003834 17 38.8989 -77.0489
08263f4a-1f3f-11e7-bf6b-3863bb334450 15 38.9553 -77.3684
e2a96f4c-801e-4cf8-be0f-f767a5d8ca1b 12 38.8450 -77.0520
082582ff-1f3f-11e7-bf6b-3863bb334450 15 39.0841 -77.1513
0824cdb0-1f3f-11e7-bf6b-3863bb334450 23 38.9078 -77.0717
0824fd71-1f3f-11e7-bf6b-3863bb334450 15 38.8881 -77.0931
0825aa94-1f3f-11e7-bf6b-3863bb334450 21 39.0957 -77.1590
0627dc3c-5c62-4ab1-a6f0-3635c6f80d23 19 38.9224 -76.9960
082652d2-1f3f-11e7-bf6b-3863bb334450 15 39.0320 -77.0473
0824791a-1f3f-11e7-bf6b-3863bb334450 19 38.9098 -77.0344
0825fb66-1f3f-11e7-bf6b-3863bb334450 15 38.8656 -77.0500
4b55ad18-eb2e-47b5-aaeb-aefd6ad856fd 12 38.8977 -77.2073
08249b7f-1f3f-11e7-bf6b-3863bb334450 23 38.8863 -77.0282
a41e5bd2-b599-4c47-a36f-31ffa2e2dd0b 19 38.8767 -77.0209
07a453e5-2e14-4276-85df-49e0d6144e54 19 38.9005 -76.9473
0825467b-1f3f-11e7-bf6b-3863bb334450 12 38.8471 -77.1126
08263bd6-1f3f-11e7-bf6b-3863bb334450 15 38.9553 -77.3576
ce3db0b4-8c4f-4c6c-a059-73fff08c1edf 15 38.8860 -77.1423
082483c2-1f3f-11e7-bf6b-3863bb334450 13 38.9172 -77.0259
08247f59-1f3f-11e7-bf6b-3863bb334450 11 38.9336 -77.0575
804fb759-1127-4059-a67a-c1fdd5d98082 19 39.0853 -76.9405
e9030e46-31bf-4def-befb-2e685ad48180 19 38.9320 -77.0330
082528fb-1f3f-11e7-bf6b-3863bb334450 12 38.8839 -77.1168
08252645-1f3f-11e7-bf6b-3863bb334450 12 38.8808 -77.0908
183f8ffb-756c-4271-8d9a-a5cde3f13116 15 38.9252 -76.9649
0099b016-32c9-4536-ac4c-dcc1a117bd95 15 38.8704 -76.9453
08254ffb-1f3f-11e7-bf6b-3863bb334450 23 38.9550 -77.0700
0824c0d5-1f3f-11e7-bf6b-3863bb334450 15 38.9004 -76.9829
d4e8307d-5fb2-4ece-a66a-1522b1ebf79c 15 38.7826 -77.0161
08261a52-1f3f-11e7-bf6b-3863bb334450 19 38.8315 -77.0081
79ae0ec5-9bbd-41ee-a9e9-7753233b5e77 19 38.9073 -76.9992
08265638-1f3f-11e7-bf6b-3863bb334450 23 38.9241 -77.0408
5945c731-a300-46e6-8e51-3236ad1f65f2 15 38.8899 -76.8255
08247310-1f3f-11e7-bf6b-3863bb334450 17 38.8529 -77.0497
13a88d55-7065-4bf0-9472-b78e8fafdfb3 11 38.8726 -77.2306
08264525-1f3f-11e7-bf6b-3863bb334450 15 39.0147 -77.1071
08252c4a-1f3f-11e7-bf6b-3863bb334450 19 38.9036 -77.0448
08250371-1f3f-11e7-bf6b-3863bb334450 39 38.8864 -77.0177
4784f152-5012-49fc-b1bb-723a6d73aa09 19 38.8637 -77.0138
0825881b-1f3f-11e7-bf6b-3863bb334450 19 38.9953 -77.0291
082653a6-1f3f-11e7-bf6b-3863bb334450 11 38.9552 -77.3631
0824c29d-1f3f-11e7-bf6b-3863bb334450 15 38.8692 -76.9599
08263c43-1f3f-11e7-bf6b-3863bb334450 23 38.8924 -77.0489
08247b29-1f3f-11e7-bf6b-3863bb334450 35 38.9007 -77.0464
082633ec-1f3f-11e7-bf6b-3863bb334450 23 38.8707 -76.9824
c645ddde-0156-47ab-9616-3121f541a6f0 19 38.9480 -77.0215
0825fca2-1f3f-11e7-bf6b-3863bb334450 35 38.8983 -77.0396
343aa3f9-0b2f-4599-9854-81cbc04577f4 19 38.9378 -76.9935
08261c65-1f3f-11e7-bf6b-3863bb334450 23 38.9253 -77.0324
0824c376-1f3f-11e7-bf6b-3863bb334450 23 38.9155 -77.0383
08246d68-1f3f-11e7-bf6b-3863bb334450 12 38.8579 -77.0595
08254a1e-1f3f-11e7-bf6b-3863bb334450 12 38.8480 -77.0751
97506e92-1d23-4396-8ec8-e1901ccc22fa 15 39.0490 -77.1093
0826366d-1f3f-11e7-bf6b-3863bb334450 11 38.9244 -77.2177
9f03d90d-a7ff-433e-9718-b8066c82c5f1 12 38.9590 -77.3393
1b1fd2f7-bcbd-43a2-bed1-ddf8e3cc4614 19 38.9273 -77.1037
0826242b-1f3f-11e7-bf6b-3863bb334450 19 38.7981 -77.0487
33ae16de-ca5b-4253-9096-35ccae7bb8dd 12 38.8874 -77.1770
0825bc56-1f3f-11e7-bf6b-3863bb334450 17 38.8631 -77.0545
9b9156b3-51c3-44c8-af49-46e3f4dea30f 19 38.9371 -77.0191
08251d5a-1f3f-11e7-bf6b-3863bb334450 23 38.9024 -77.0262
0825f465-1f3f-11e7-bf6b-3863bb334450 15 38.8044 -77.0609
0825275b-1f3f-11e7-bf6b-3863bb334450 15 38.8826 -77.1094
08264392-1f3f-11e7-bf6b-3863bb334450 15 38.8767 -77.1130
2f12b7e0-a0f1-49ed-92d8-784133ea9168 11 39.0473 -77.0511
082600d8-1f3f-11e7-bf6b-3863bb334450 15 38.8765 -77.1271
0824e24c-1f3f-11e7-bf6b-3863bb334450 23 38.8982 -77.0319
0825ba12-1f3f-11e7-bf6b-3863bb334450 11 38.8985 -76.9319
0824cb9b-1f3f-11e7-bf6b-3863bb334450 15 38.8953 -77.0161
082516c1-1f3f-11e7-bf6b-3863bb334450 19 38.9178 -77.0406
0826502d-1f3f-11e7-bf6b-3863bb334450 15 38.9826 -76.9883
d2a6b8ef-0d6d-4037-84e4-b905142031fa 19 38.8788 -76.9709
33efb11b-052f-437e-ab74-2e6b4661822d 12 38.8856 -77.1669
0825fa22-1f3f-11e7-bf6b-3863bb334450 15 38.8331 -77.0598
0248fa3b-6df4-4fdc-ae31-ee2e4d177da8 19 38.8529 -77.0459
0824a43b-1f3f-11e7-bf6b-3863bb334450 23 38.8990 -77.0334
0826547e-1f3f-11e7-bf6b-3863bb334450 19 38.9329 -76.9795
08253ab7-1f3f-11e7-bf6b-3863bb334450 15 38.8053 -77.0499
08261e06-1f3f-11e7-bf6b-3863bb334450 19 38.9472 -77.0651
08261fb3-1f3f-11e7-bf6b-3863bb334450 15 38.8810 -77.1353
082625d9-1f3f-11e7-bf6b-3863bb334450 15 38.7976 -77.0538
0825f6b3-1f3f-11e7-bf6b-3863bb334450 15 38.8976 -77.0809
a7b98322-bdbb-421e-b2e4-1bb42ef9d01f 19 38.9107 -77.0319
065defed-8e90-46b9-a106-28d590704cf8 12 38.8706 -77.0441
0825e31a-1f3f-11e7-bf6b-3863bb334450 19 38.9752 -77.0169
08261b21-1f3f-11e7-bf6b-3863bb334450 19 38.9094 -77.0487
e9611824-0245-4482-bc8b-970c0eface40 19 38.8855 -76.9772
336a1fe2-8e92-49ad-ab6a-c6c392d3edcd 19 38.9110 -76.9859
08251ded-1f3f-11e7-bf6b-3863bb334450 12 38.8858 -77.0977
08249e81-1f3f-11e7-bf6b-3863bb334450 31 38.8841 -76.9952
082620fc-1f3f-11e7-bf6b-3863bb334450 31 38.8905 -77.0172
08249aa2-1f3f-11e7-bf6b-3863bb334450 23 38.8996 -77.0317
fd44b399-4a55-4bbe-a326-20d138a2f0eb 19 38.8774 -77.2707
c271d265-76c8-49f9-9b3c-b9490fb97ac0 11 38.8786 -77.2228
99e66f13-6f03-4872-9f34-bcd92fe519fd 19 38.8922 -77.0332
c51f0090-a4f9-416d-a18b-6e0505b1dca1 15 38.8796 -76.9266
08249dad-1f3f-11e7-bf6b-3863bb334450 47 38.8930 -77.0260
08256742-1f3f-11e7-bf6b-3863bb334450 17 38.8650 -77.0395
0826256c-1f3f-11e7-bf6b-3863bb334450 15 38.8413 -77.0631
5982cdb9-2f4d-490f-8e7c-030adfac87be 15 38.8871 -77.1621
08263d19-1f3f-11e7-bf6b-3863bb334450 15 38.9601 -77.3534
a44778cc-274f-49d5-80dc-6e031113a7e3 16 38.8122 -77.1099
08247aa4-1f3f-11e7-bf6b-3863bb334450 15 38.8963 -77.0450
5f060548-684b-469b-8825-66c80d77a874 15 38.8879 -77.1280
082634c6-1f3f-11e7-bf6b-3863bb334450 11 38.9240 -77.2360
0825c063-1f3f-11e7-bf6b-3863bb334450 15 38.9411 -77.0620
f69c2ab2-8d2b-493a-9da4-3a76d0e34753 16 39.0432 -77.1135
08256a59-1f3f-11e7-bf6b-3863bb334450 15 38.8874 -77.0020
082654f4-1f3f-11e7-bf6b-3863bb334450 19 38.8835 -77.0217
44b6aaca-6a97-425c-9d95-93a1d836c22d 19 39.0313 -77.0041
0825f946-1f3f-11e7-bf6b-3863bb334450 15 38.8259 -77.0585
4ae62d55-b4b3-47d7-ada9-79185e2be3b9 19 38.9420 -77.0182
08246e8c-1f3f-11e7-bf6b-3863bb334450 16 38.8633 -77.0634
fbd404e2-bd4c-464b-b0db-9eaa011a90ae 15 38.9617 -76.9959
d61b3881-e324-4c6d-aa92-849716c70b04 11 38.8462 -76.9770
0824980b-1f3f-11e7-bf6b-3863bb334450 11 38.8658 -76.9784
7995da4d-4d99-4797-bb9f-37a51a28cc09 19 38.9024 -77.0082
08258b3f-1f3f-11e7-bf6b-3863bb334450 19 38.9618 -77.0860
d39e9b29-0ba7-453f-9f1e-b0a856d448b7 15 38.8926 -77.0821
a6076d62-317a-40be-80a3-5654a042c20a 19 38.8463 -76.9818
72c402d9-63d9-4025-95a9-1577a34e5f52 12 38.8795 -77.1146
0825e0a1-1f3f-11e7-bf6b-3863bb334450 11 38.9974 -77.0239
7814989b-dc73-4a7e-bd23-f716b9abbbfe 19 38.8922 -76.9960
0826154d-1f3f-11e7-bf6b-3863bb334450 15 38.8127 -77.0441
0826373c-1f3f-11e7-bf6b-3863bb334450 11 38.9289 -77.2254
08258e2d-1f3f-11e7-bf6b-3863bb334450 19 38.8750 -77.0024
082603fc-1f3f-11e7-bf6b-3863bb334450 23 38.9136 -77.0271
0824ff6e-1f3f-11e7-bf6b-3863bb334450 21 38.8870 -77.0953
082482b3-1f3f-11e7-bf6b-3863bb334450 11 38.8952 -77.0436
0825bd74-1f3f-11e7-bf6b-3863bb334450 19 38.9612 -77.0887
08246cd5-1f3f-11e7-bf6b-3863bb334450 16 38.8611 -77.0494
c77801a4-2795-4f72-825e-c02f8facb72f 19 39.0391 -76.9918
3ced143d-294e-4050-80a7-b40d76c42c0d 15 39.0487 -77.1257
082631cd-1f3f-11e7-bf6b-3863bb334450 31 38.9286 -77.0322
0824cfe7-1f3f-11e7-bf6b-3863bb334450 15 38.9038 -77.0535
082543d4-1f3f-11e7-bf6b-3863bb334450 15 38.8947 -77.0451
7fcbf92d-a257-4973-828b-181d5602eee5 19 38.9054 -77.0347
0824e72a-1f3f-11e7-bf6b-3863bb334450 15 38.8979 -77.0270
3c6a1bf0-3aac-4406-990d-966cc8edca52 11 38.9467 -77.3310
08259009-1f3f-11e7-bf6b-3863bb334450 19 38.9204 -77.0257
99ddcd49-1312-4d80-8030-9bc2732deb5c 19 38.8762 -77.0124
0824ee0d-1f3f-11e7-bf6b-3863bb334450 15 38.8917 -77.0846
60e5f9b2-611b-4713-b34a-8ce2c2ee8ac8 23 38.8768 -77.0022
3dc3100e-7a4c-4d34-8b92-e820f1bd46a0 19 38.8885 -76.9132
08247baa-1f3f-11e7-bf6b-3863bb334450 19 38.9367 -77.0242
08247a21-1f3f-11e7-bf6b-3863bb334450 31 38.9086 -77.0323
08251a1b-1f3f-11e7-bf6b-3863bb334450 15 38.8873 -76.9836
3d461075-4edb-497f-89d7-b7beb7595b20 19 38.8965 -77.0334
08262094-1f3f-11e7-bf6b-3863bb334450 15 38.8201 -77.0628
0825e5ff-1f3f-11e7-bf6b-3863bb334450 19 38.9650 -77.1034
0826029e-1f3f-11e7-bf6b-3863bb334450 11 38.8622 -77.0681
39d08937-66b3-4fd8-89d0-49e5144f1922 12 38.9004 -77.2054
08251e7d-1f3f-11e7-bf6b-3863bb334450 17 38.8940 -77.0786
082615b7-1f3f-11e7-bf6b-3863bb334450 15 38.8070 -77.0598
c361d993-ebd8-4110-b10e-6bd2055fbe05 18 38.9182 -77.0272
082616fc-1f3f-11e7-bf6b-3863bb334450 11 38.8848 -77.1277
e710493d-96af-49da-a8ed-8e3e7301c82c 19 38.9358 -77.1069
bc1a59ac-f82d-44bd-9f2d-b5801f8bbb8d 16 38.8248 -77.0851
0825b1a2-1f3f-11e7-bf6b-3863bb334450 15 38.9779 -77.0065
0824741d-1f3f-11e7-bf6b-3863bb334450 15 38.9003 -77.0429
08256b2e-1f3f-11e7-bf6b-3863bb334450 15 38.9176 -77.0160
0825bbc6-1f3f-11e7-bf6b-3863bb334450 11 38.8738 -77.0892
08261620-1f3f-11e7-bf6b-3863bb334450 15 38.8135 -77.0495
ed8f70f3-15e3-448c-86c5-d27d87402ad3 15 38.9241 -77.0021
101824b5-2dd0-464c-bc7e-30481e00e6d7 19 38.9113 -77.0418
0825b983-1f3f-11e7-bf6b-3863bb334450 19 38.9073 -77.0154
0825fddc-1f3f-11e7-bf6b-3863bb334450 15 38.8593 -77.0633
5f19b359-6bc4-45f6-bdcf-31352690e6ee 12 38.8781 -77.1540
68bb0313-ccdb-4930-98ba-96d77ec986ef 15 39.0498 -77.1137
08254123-1f3f-11e7-bf6b-3863bb334450 12 38.8850 -77.0878
a62f9324-6f6e-4bdb-9206-3ca05517e607 19 38.9225 -76.9927
a10f8bfa-1324-411c-b358-3fbd94eff32b 15 38.8981 -77.0239
0825f58d-1f3f-11e7-bf6b-3863bb334450 15 38.8694 -77.1045
08247522-1f3f-11e7-bf6b-3863bb334450 39 38.9295 -77.0278
0824c309-1f3f-11e7-bf6b-3863bb334450 31 38.8948 -76.9876
0825f872-1f3f-11e7-bf6b-3863bb334450 19 38.8027 -77.0636
32a59636-02e5-4c53-a437-020986923dca 15 38.8883 -77.1111
08249c5a-1f3f-11e7-bf6b-3863bb334450 11 38.9337 -76.9910
cdaa435b-2b99-442a-a274-d6682067ad88 17 38.9553 -76.9681
08249549-1f3f-11e7-bf6b-3863bb334450 19 38.9121 -77.0387
08247ed8-1f3f-11e7-bf6b-3863bb334450 19 38.8617 -76.9692
08256ee8-1f3f-11e7-bf6b-3863bb334450 15 38.9275 -76.9972
96ce48cf-5d98-4dfb-86b1-f461230cd193 33 38.8971 -77.0116
08249407-1f3f-11e7-bf6b-3863bb334450 11 38.8851 -77.0023
0824b9cc-1f3f-11e7-bf6b-3863bb334450 33 38.8997 -77.0231
082521d3-1f3f-11e7-bf6b-3863bb334450 15 38.8847 -77.0935
082651f8-1f3f-11e7-bf6b-3863bb334450 15 39.0360 -77.0484
0eae33bc-0b63-4120-ac4d-1e4ac729d524 12 38.9371 -77.3679
50cce12f-505a-414c-8b58-5bd4204a385e 15 38.8277 -77.0890
e581e0b6-51ea-416a-9ae7-6fe5219d7156 14 39.0620 -77.1208
08254c82-1f3f-11e7-bf6b-3863bb334450 12 38.8603 -77.0937
fc64c842-980f-40be-a4b6-7750a28ecc19 15 38.7968 -77.0026
0825fe4c-1f3f-11e7-bf6b-3863bb334450 23 38.9079 -76.9971
fe755eaf-7f1f-48df-bc40-f51d2af775d1 19 38.9000 -76.9927
08258395-1f3f-11e7-bf6b-3863bb334450 11 38.9895 -77.0980
08254e55-1f3f-11e7-bf6b-3863bb334450 12 38.8485 -77.0849
0825bfcd-1f3f-11e7-bf6b-3863bb334450 15 38.8694 -77.0956
08252387-1f3f-11e7-bf6b-3863bb334450 15 38.8789 -77.1207
082546fc-1f3f-11e7-bf6b-3863bb334450 15 38.8462 -77.0693
08258785-1f3f-11e7-bf6b-3863bb334450 19 38.9836 -77.0063
082632a8-1f3f-11e7-bf6b-3863bb334450 25 38.9498 -77.0802
3f1dfbbd-7b34-4efd-91a3-60acad4cf42f 19 38.8859 -76.9915
3900eddf-b06d-4763-af70-1126603508d0 19 38.9177 -77.0227
0825fc3a-1f3f-11e7-bf6b-3863bb334450 22 38.9036 -77.0349
0826337e-1f3f-11e7-bf6b-3863bb334450 15 38.8974 -76.9259
0825e27a-1f3f-11e7-bf6b-3863bb334450 19 38.9524 -77.0027
082612c1-1f3f-11e7-bf6b-3863bb334450 27 38.8962 -76.9928
0824bc00-1f3f-11e7-bf6b-3863bb334450 23 38.9110 -77.0049
082641e3-1f3f-11e7-bf6b-3863bb334450 15 38.9909 -77.0163
79f2ceeb-df84-42dd-bf22-ceb9bc384af2 12 38.8664 -77.1998
08261b89-1f3f-11e7-bf6b-3863bb334450 19 38.9957 -77.0387
0825bf2b-1f3f-11e7-bf6b-3863bb334450 15 38.8732 -77.0821
9f86df22-57d4-498a-ab35-2d3fb76e4723 19 38.8415 -77.1077
08254f20-1f3f-11e7-bf6b-3863bb334450 19 38.9085 -77.0636
0824c604-1f3f-11e7-bf6b-3863bb334450 39 38.8983 -77.0280
0541e06c-642c-4f31-9f24-19bfcbb8811d 19 38.8693 -76.9785
730f282a-2f5b-4fda-b82f-5c94b3d5a2a6 13 38.9224 -77.2303
7a00f0f5-f757-4715-9e89-58253ac36de0 15 38.8593 -77.1020
068e6359-1741-4240-9ed1-07a9038bc319 15 38.9362 -76.9601
082476ba-1f3f-11e7-bf6b-3863bb334450 19 38.9268 -77.0322
08263601-1f3f-11e7-bf6b-3863bb334450 15 38.9209 -77.2221
08263a37-1f3f-11e7-bf6b-3863bb334450 17 38.9570 -77.3597
08256b90-1f3f-11e7-bf6b-3863bb334450 19 38.9182 -77.0047
08265563-1f3f-11e7-bf6b-3863bb334450 19 39.1213 -77.1650
082564e2-1f3f-11e7-bf6b-3863bb334450 11 38.8432 -76.9994
0826190f-1f3f-11e7-bf6b-3863bb334450 11 38.9799 -77.0935
08251f03-1f3f-11e7-bf6b-3863bb334450 23 38.8789 -77.0057
c778c501-ba47-479b-b652-831432ffd74f 19 38.8245 -77.0055
199ecf43-3fcc-446e-8b91-e151e7ad617f 15 38.8909 -77.0749
08254a91-1f3f-11e7-bf6b-3863bb334450 12 38.8444 -77.0859
082515d4-1f3f-11e7-bf6b-3863bb334450 15 38.9154 -77.0123
efe6a4e1-5900-46d6-9755-db074f87c5c2 23 38.9234 -77.0518
08263241-1f3f-11e7-bf6b-3863bb334450 25 38.9011 -77.0345
0824854e-1f3f-11e7-bf6b-3863bb334450 15 38.9154 -77.0446
08262027-1f3f-11e7-bf6b-3863bb334450 15 38.8127 -77.0617
0824e7c1-1f3f-11e7-bf6b-3863bb334450 19 38.8961 -77.0499
08254ebb-1f3f-11e7-bf6b-3863bb334450 15 38.9870 -77.0294
08257239-1f3f-11e7-bf6b-3863bb334450 15 38.8563 -77.1115
5f71434d-dc5c-45ff-8219-708a3d9a0691 39 38.8769 -77.0061
08251cd1-1f3f-11e7-bf6b-3863bb334450 16 38.8969 -77.0865
0825e443-1f3f-11e7-bf6b-3863bb334450 11 38.8665 -77.0761
08253e7e-1f3f-11e7-bf6b-3863bb334450 15 38.8959 -77.0261
5017ea72-2248-4ba8-af83-d9c9718b51e0 12 38.9100 -77.2263
08252a92-1f3f-11e7-bf6b-3863bb334450 15 38.8847 -77.1003
b6ea8d82-3226-4aef-a1d2-78076110e718 11 38.9285 -77.2156
08249e19-1f3f-11e7-bf6b-3863bb334450 19 38.8973 -77.0556
08263885-1f3f-11e7-bf6b-3863bb334450 15 38.9625 -77.3619
9029233f-84db-4f28-895d-8ecf727fb6d2 11 39.1258 -77.1671
e800b2e8-5d8c-4ca1-920b-9622fa2a87ea 15 38.9436 -76.9902
0cabc1c7-cf6f-4afd-9242-c011b77f6330 19 38.8366 -76.9936
0825bb32-1f3f-11e7-bf6b-3863bb334450 17 38.8784 -77.0302
f4402219-23c9-43ce-8af4-62984ee9ab68 12 38.8836 -77.1734
f0d65475-a505-474b-a40f-2488459105ac 17 38.9725 -76.9807
08253908-1f3f-11e7-bf6b-3863bb334450 23 38.9016 -77.0434
0824920a-1f3f-11e7-bf6b-3863bb334450 45 38.9101 -77.0444
1e196ee1-daa4-4fa6-b6f8-197b31e6d170 15 38.8140 -77.0428
1cc6ee60-b82f-4264-a490-6c3e5e656ccd 12 38.8570 -77.1163
5ac39643-b36d-415f-bbb4-1a5e2c61d98d 15 38.8097 -77.1358
177f7198-8814-4068-b809-b6074346d2e9 19 38.9112 -77.0023
b0cdb0b4-a4e5-47f2-90fd-f3f8266b809f 11 38.8202 -77.0939
071dcbf5-3f1e-45e0-a4a5-8717adb8743f 12 38.9361 -77.3378
3f177fa3-6267-4138-82b3-6b528d71d3b2 19 38.8811 -77.0177
0826168f-1f3f-11e7-bf6b-3863bb334450 19 38.9994 -77.0979
0825f344-1f3f-11e7-bf6b-3863bb334450 19 38.8899 -77.0713
08249f58-1f3f-11e7-bf6b-3863bb334450 15 38.9476 -77.0794
edb40673-8b68-4db1-b9bf-6cb7943fdb50 12 38.8884 -77.1798
0824749f-1f3f-11e7-bf6b-3863bb334450 31 38.9178 -77.0321
52ba8179-5dda-404f-abba-796b3f645434 19 39.0449 -76.9812
08249671-1f3f-11e7-bf6b-3863bb334450 11 38.8792 -76.9953
08259e6f-1f3f-11e7-bf6b-3863bb334450 15 39.0254 -77.0446
08255427-1f3f-11e7-bf6b-3863bb334450 15 38.9127 -77.0177
08263311-1f3f-11e7-bf6b-3863bb334450 19 38.9126 -76.9719
0824866e-1f3f-11e7-bf6b-3863bb334450 15 38.8544 -77.0534
0824960b-1f3f-11e7-bf6b-3863bb334450 15 38.9126 -77.0135
082525bb-1f3f-11e7-bf6b-3863bb334450 15 38.8905 -77.0810
0824f08b-1f3f-11e7-bf6b-3863bb334450 15 38.8656 -76.9521
08247632-1f3f-11e7-bf6b-3863bb334450 19 38.9228 -77.0425
08251bba-1f3f-11e7-bf6b-3863bb334450 12 38.8764 -77.1077
0825fd75-1f3f-11e7-bf6b-3863bb334450 19 38.9126 -77.0418
08254770-1f3f-11e7-bf6b-3863bb334450 23 38.9188 -77.0416
08247cac-1f3f-11e7-bf6b-3863bb334450 11 38.9346 -76.9955
0825b738-1f3f-11e7-bf6b-3863bb334450 18 39.1147 -77.1715
8aa43882-2e93-41fb-b55d-a6a15b5b446b 12 38.9663 -77.3593
523db239-4cfe-4d84-b8ff-60f1ad4d342c 11 38.8685 -77.2253
d49c5d1b-d02b-4c35-b60d-ed3cc6d51479 15 38.8663 -77.0106
f75a76bb-34fc-4ee3-81d9-f23d9867017d 12 38.9339 -77.3317
08261d35-1f3f-11e7-bf6b-3863bb334450 23 38.9084 -77.0271
0825459a-1f3f-11e7-bf6b-3863bb334450 23 38.9057 -77.0032
0824a988-1f3f-11e7-bf6b-3863bb334450 11 38.9164 -77.0682
5d8d5182-ea42-49ec-8cae-8891759f5751 15 38.8730 -76.9352
082617d2-1f3f-11e7-bf6b-3863bb334450 19 38.9289 -77.0362
c9760156-83bd-4a7d-9dfa-85d7ee463f62 15 38.9216 -76.9557
0824f644-1f3f-11e7-bf6b-3863bb334450 23 38.9060 -77.0398
082655cc-1f3f-11e7-bf6b-3863bb334450 19 38.9055 -77.0652
082485e8-1f3f-11e7-bf6b-3863bb334450 15 38.9161 -77.0220
eda09ed8-ca5e-4187-938c-3260cabdf82d 19 38.9695 -77.0335
0824c8d2-1f3f-11e7-bf6b-3863bb334450 19 38.9089 -77.0448
909f576d-3523-4646-aa26-900ba8c9cd13 19 39.0457 -76.9854
0824f8a2-1f3f-11e7-bf6b-3863bb334450 33 38.9059 -77.0325
472d3644-c8f4-4912-ad84-79f11cee2e49 21 38.8961 -77.0715
082554fb-1f3f-11e7-bf6b-3863bb334450 23 38.8973 -76.9947
082549b0-1f3f-11e7-bf6b-3863bb334450 19 38.9564 -77.0329
0824eb1b-1f3f-11e7-bf6b-3863bb334450 19 38.8946 -77.0723
90682a3e-9cb2-43d1-b104-61c50043d35b 19 39.0380 -76.9945
686c82c2-23fe-4c15-9c75-708f61de98c7 15 38.9642 -77.3543
8a10969e-9861-4926-bda6-f0b58a0c253d 19 38.8531 -77.0052
08249cd3-1f3f-11e7-bf6b-3863bb334450 15 38.8961 -77.0466
08247dd0-1f3f-11e7-bf6b-3863bb334450 15 38.8896 -76.9769
0824f16b-1f3f-11e7-bf6b-3863bb334450 15 38.8941 -77.0443
5d8b76d9-ae82-464b-87f1-37553a9fec6c 27 38.8943 -77.0240
cd1394fa-9d06-4665-bd1c-d7580d97a550 19 38.9256 -77.0271
c139589c-fe21-4834-a2a1-5528f7dd2152 19 38.8135 -77.0537
0824a68f-1f3f-11e7-bf6b-3863bb334450 21 38.8787 -77.0231
0826359a-1f3f-11e7-bf6b-3863bb334450 11 38.9195 -77.2212
0824fb6c-1f3f-11e7-bf6b-3863bb334450 12 38.8904 -77.0889
db81ad06-aad3-4e23-b2b9-05b39b41f8fc 19 38.8762 -76.9410
082526d1-1f3f-11e7-bf6b-3863bb334450 23 38.8810 -77.1118
48ca5477-32a2-485d-961d-5371f2d1d5e1 19 38.8828 -77.2283
ce78d5f4-486a-4a64-8518-5a10bfd7ef94 15 39.0431 -77.0501
08246f1f-1f3f-11e7-bf6b-3863bb334450 19 38.8578 -77.0517
599f7a69-823e-419a-b70e-8f9666dd4bd1 15 38.8114 -77.1100
880978b9-5084-4576-a206-8d94cdbf4427 19 38.8929 -76.9983
0826540e-1f3f-11e7-bf6b-3863bb334450 19 38.9689 -77.0163
08264325-1f3f-11e7-bf6b-3863bb334450 15 38.9575 -77.0022
08249be7-1f3f-11e7-bf6b-3863bb334450 19 38.9023 -77.0591
0824e189-1f3f-11e7-bf6b-3863bb334450 15 38.9226 -77.0703
082638f2-1f3f-11e7-bf6b-3863bb334450 15 38.9207 -77.2332
41b8e956-0341-4752-89a4-659f7b9eabb8 15 38.8096 -77.1289
08260549-1f3f-11e7-bf6b-3863bb334450 19 38.9086 -77.0228
08263b08-1f3f-11e7-bf6b-3863bb334450 19 38.9466 -77.3394
b053927b-0761-40d0-a3ff-8a63fa1c7141 15 39.0510 -77.1154
08247269-1f3f-11e7-bf6b-3863bb334450 11 38.8426 -77.0502
082498ac-1f3f-11e7-bf6b-3863bb334450 11 38.8731 -76.9710
082539e0-1f3f-11e7-bf6b-3863bb334450 15 38.8047 -77.0434
eab74a15-a9dd-4813-a6a9-c445782f6920 19 38.8550 -76.9845
082637a5-1f3f-11e7-bf6b-3863bb334450 11 38.9326 -77.2318
08261aba-1f3f-11e7-bf6b-3863bb334450 19 38.8935 -77.0415
08246c35-1f3f-11e7-bf6b-3863bb334450 17 38.8564 -77.0492
8083cb0d-c3a4-417e-b46e-afe6cf1a7e67 19 38.8360 -77.0009
082469cc-1f3f-11e7-bf6b-3863bb334450 15 38.8598 -77.0532
08252874-1f3f-11e7-bf6b-3863bb334450 15 38.8666 -76.9852
3c8cebaf-4155-47d8-8272-9d65831f33b8 17 38.9696 -76.9373
b8b6903d-fabc-48aa-af9b-2c5fb29344b9 17 38.9024 -77.0056
0826410b-1f3f-11e7-bf6b-3863bb334450 11 38.9231 -77.2274
0824cd3d-1f3f-11e7-bf6b-3863bb334450 35 38.8922 -77.0431
84223eb6-9964-4bd7-85f0-2b6a316c3ba1 11 38.9490 -77.3553
082618a7-1f3f-11e7-bf6b-3863bb334450 15 38.9997 -77.0512
affeb890-08dc-46d2-9f8a-3eedf4452640 19 38.9068 -77.0386
0824a53f-1f3f-11e7-bf6b-3863bb334450 15 38.9279 -77.0434
f33b7c9d-11ff-4059-94e4-4a1206acd7a6 15 38.8804 -77.0252
08259347-1f3f-11e7-bf6b-3863bb334450 15 39.0994 -77.1880
08261977-1f3f-11e7-bf6b-3863bb334450 19 38.9037 -77.0317
5efd5ecc-a734-4e7b-9142-a500a317df60 15 38.9555 -76.9401
0824c80d-1f3f-11e7-bf6b-3863bb334450 35 38.9021 -77.0383
60b9672e-7668-431b-801b-affaccb680bb 15 38.9212 -77.0181
53ebbf74-92df-4665-b863-25bd2d96e0b7 23 38.9087 -77.0298
08259091-1f3f-11e7-bf6b-3863bb334450 15 38.8767 -76.9945
08253e02-1f3f-11e7-bf6b-3863bb334450 15 38.9066 -77.0515
0825619c-1f3f-11e7-bf6b-3863bb334450 15 38.9286 -76.9910
0825802a-1f3f-11e7-bf6b-3863bb334450 11 38.9886 -77.0965
5205f20c-ded8-4469-bafd-021bc7229295 19 38.9223 -77.0271
08264097-1f3f-11e7-bf6b-3863bb334450 15 38.9675 -77.0280
06a14329-dedb-4152-b237-e59afccd8d42 12 38.9019 -76.9786
08261479-1f3f-11e7-bf6b-3863bb334450 15 39.1053 -77.1948
c7402dc0-b498-47b0-8977-2b9d671a62bb 23 38.9397 -77.0753
08261ccf-1f3f-11e7-bf6b-3863bb334450 19 38.8227 -77.0493
08254f8e-1f3f-11e7-bf6b-3863bb334450 17 38.8966 -77.0671
08247d46-1f3f-11e7-bf6b-3863bb334450 19 38.9030 -77.0190
0824821f-1f3f-11e7-bf6b-3863bb334450 11 38.8674 -76.9880
0825ff20-1f3f-11e7-bf6b-3863bb334450 15 38.8990 -77.0783
08249480-1f3f-11e7-bf6b-3863bb334450 15 38.8803 -76.9862
0824bc70-1f3f-11e7-bf6b-3863bb334450 23 38.9000 -76.9983
0824979f-1f3f-11e7-bf6b-3863bb334450 11 38.9478 -77.0328
0824eea3-1f3f-11e7-bf6b-3863bb334450 12 38.8922 -77.0794
5e828067-2fd6-4168-b150-5409754e734c 19 38.9099 -77.0386
08261bf4-1f3f-11e7-bf6b-3863bb334450 15 38.7993 -77.0447
a0121df5-4df5-425f-afb8-77dc94dc6d1b 12 38.9736 -77.3518
0825fff6-1f3f-11e7-bf6b-3863bb334450 23 38.8984 -77.0432
0826315d-1f3f-11e7-bf6b-3863bb334450 19 38.8295 -77.0478
3d88e01e-e071-4638-829c-543410cded50 15 38.9027 -76.9951
72b359a7-f70e-4b97-aaf6-2b26f09f19b1 19 38.8438 -76.9756
0824973c-1f3f-11e7-bf6b-3863bb334450 19 38.9349 -77.0728
47ea64ba-00cd-4762-a90c-240244d1e4c8 15 38.8966 -77.0398
0826030a-1f3f-11e7-bf6b-3863bb334450 19 38.9028 -77.0602
0825176c-1f3f-11e7-bf6b-3863bb334450 19 38.8899 -76.9372
082642bd-1f3f-11e7-bf6b-3863bb334450 19 38.8825 -76.9901
0825b213-1f3f-11e7-bf6b-3863bb334450 15 38.9924 -77.1001
08251aba-1f3f-11e7-bf6b-3863bb334450 15 38.8447 -76.9878
1e19ca16-ec12-48b9-bbbe-fe878745bb23 19 38.9313 -77.0282
0825e147-1f3f-11e7-bf6b-3863bb334450 13 39.0854 -77.1458
92dd5072-b877-45d6-ba24-c5acbe66733b 19 38.8978 -76.9796
fe33785a-90bb-40e0-9dce-91968006a5c6 15 38.8143 -77.1189
197e33c5-30cf-4007-b7a8-b9b1dfd064e3 11 38.9071 -77.0021
08255561-1f3f-11e7-bf6b-3863bb334450 15 38.9271 -76.9789
825f1146-bd56-4b4a-acfa-ff9d95472723 19 38.9001 -77.1887
772ca14a-a964-4745-ab93-37cc472d8ff2 15 38.8401 -76.9753
5e229707-ae42-42f7-b31d-1a65af253027 15 38.8185 -77.1056
d8a01502-8d6c-449f-852d-d6b409e56e11 14 38.9097 -77.0856
8e3245e2-f310-4173-9c2d-9ad00587a23c 12 38.8082 -77.1008
08249345-1f3f-11e7-bf6b-3863bb334450 23 38.9028 -77.0386
0825b10b-1f3f-11e7-bf6b-3863bb334450 15 38.9750 -77.0112
08247e59-1f3f-11e7-bf6b-3863bb334450 35 38.9308 -77.0315
0825bce9-1f3f-11e7-bf6b-3863bb334450 19 38.9996 -77.1096
0825697c-1f3f-11e7-bf6b-3863bb334450 11 38.8807 -77.0860
08256549-1f3f-11e7-bf6b-3863bb334450 11 38.8639 -76.9900
082566d7-1f3f-11e7-bf6b-3863bb334450 11 38.8522 -77.1050
08254215-1f3f-11e7-bf6b-3863bb334450 11 38.8877 -77.0759
9c8b35b2-fcab-4142-957d-5bb845374685 12 38.9415 -77.3665
55d3b43f-4ad3-4d65-889a-560ebe6126bf 15 38.7859 -77.0167
0825548f-1f3f-11e7-bf6b-3863bb334450 11 38.8899 -76.9833
9a93cdb5-bd4e-43b8-87f3-81dc9063999f 19 38.8768 -77.0007
0824d140-1f3f-11e7-bf6b-3863bb334450 23 38.8974 -77.0099
ccd82461-11b7-4553-b70b-6cb7e5e4f8c2 15 38.7987 -77.0010
5a3453ad-43af-495d-ba1f-e8be6b66e2e8 19 38.8905 -76.9613
082495aa-1f3f-11e7-bf6b-3863bb334450 15 38.9446 -77.0639
082496d9-1f3f-11e7-bf6b-3863bb334450 15 38.9387 -77.0872
50a19df9-344a-49e6-aeab-f244d9a333c8 12 38.9270 -77.2174
0825feb6-1f3f-11e7-bf6b-3863bb334450 15 38.8965 -77.1046
0824de05-1f3f-11e7-bf6b-3863bb334450 23 38.9056 -77.0273
1b02c95b-63f9-41cd-8c0d-90334a29c7ce 19 38.8324 -77.0498
08259804-1f3f-11e7-bf6b-3863bb334450 15 38.9902 -77.0293
0825b6a9-1f3f-11e7-bf6b-3863bb334450 15 38.9970 -77.0256
08248172-1f3f-11e7-bf6b-3863bb334450 19 38.8626 -76.9946
0d183ef3-5510-4afd-8e0d-8d240d119255 12 38.9311 -77.2207
08264250-1f3f-11e7-bf6b-3863bb334450 19 38.9190 -77.0344
082565f9-1f3f-11e7-bf6b-3863bb334450 15 38.9037 -76.9872
0825fd09-1f3f-11e7-bf6b-3863bb334450 15 38.9977 -77.0345
7641069c-42a6-4e3e-9769-7df51da6978d 19 38.8574 -76.9777
314fc12d-7275-4936-a245-a1febd3c95df 19 38.9038 -77.0120
0825f9b6-1f3f-11e7-bf6b-3863bb334450 15 38.8209 -77.0531
66cac629-904e-4186-8431-44983be40985 15 39.0629 -77.1135
08253c00-1f3f-11e7-bf6b-3863bb334450 17 38.8115 -77.0503
08247896-1f3f-11e7-bf6b-3863bb334450 27 38.8768 -77.0178
0824c69b-1f3f-11e7-bf6b-3863bb334450 25 38.8945 -77.0316
8d485a67-09d5-4550-8438-f1fa2f463bc2 11 38.8636 -77.0772
0824a623-1f3f-11e7-bf6b-3863bb334450 23 38.9038 -77.0627
082553a7-1f3f-11e7-bf6b-3863bb334450 11 38.8900 -76.9952
37ea9197-6332-4bf7-8940-d3641f288869 12 38.8902 -77.1832
65c9578a-8bda-4908-b626-06371c09338b 11 38.8701 -77.2300
ac598bfa-89c4-4229-a397-a6279b4cd536 23 39.0779 -76.9419
082513a4-1f3f-11e7-bf6b-3863bb334450 19 38.8841 -77.0174
082619e1-1f3f-11e7-bf6b-3863bb334450 15 38.9086 -77.0124
0825f794-1f3f-11e7-bf6b-3863bb334450 15 38.8011 -77.0690
a826e5d0-8ee8-41a4-8c1d-1a2ad7212dec 11 38.9275 -77.2266
0825f807-1f3f-11e7-bf6b-3863bb334450 11 38.8218 -77.0475
bc4fc3e2-2050-4571-851b-47f062319f95 12 38.9388 -77.3541
0825962a-1f3f-11e7-bf6b-3863bb334450 15 39.1235 -77.1574
66fe4efd-f6de-4300-9b35-82e3aea013e5 11 38.8019 -77.0403
eda4c5ee-faf7-4dae-b135-3065deb46ffe 25 39.0475 -77.1129
8321ef62-caa3-45ea-95b2-4a4a97964625 16 38.8060 -77.0559
b8ba3b0d-9efa-4093-8baa-bb3e7d384c46 15 38.8027 -77.0825
5fdaa766-383e-4a92-b1bd-0e71138c6844 19 38.8734 -76.9834
08247052-1f3f-11e7-bf6b-3863bb334450 12 38.8485 -77.0515
30c5787e-6fdb-421d-8eaf-32e652dbeae2 19 38.9243 -76.9859
71686e8c-9f47-4a65-8840-c7276be3786e 15 38.8635 -77.0843
08253cdb-1f3f-11e7-bf6b-3863bb334450 23 38.8058 -77.0606
0825b42a-1f3f-11e7-bf6b-3863bb334450 15 39.0763 -77.1414
bc5c6cf3-1c33-457f-a13d-f358c9909dc2 12 38.9708 -77.3268
082548ce-1f3f-11e7-bf6b-3863bb334450 19 38.9497 -77.0273
115f58ec-eddc-40cf-a789-13517d5df2a4 15 38.9220 -76.9607
21858490-7495-4942-b0eb-5e956db26b16 23 38.8697 -77.0108
0824a4ce-1f3f-11e7-bf6b-3863bb334450 23 38.9057 -77.0223
08251f93-1f3f-11e7-bf6b-3863bb334450 19 38.9226 -77.0773
8429af9f-3adc-4db6-b96a-7fd9c75fe3a3 19 38.8983 -77.0469
08247fe1-1f3f-11e7-bf6b-3863bb334450 11 38.8780 -76.9607
305ce636-23c1-42f3-a28b-8be4feca2e05 15 39.0622 -77.1292
