4
10
7
5
16
7
6
0
13
13
7
9
9
8
7
9
20
11
7
9
6
15
9
12
3
5
9
3
8
15
8
18
4
4
8
9
6
6
6
9
4
5
0
5
6
6
11
8
9
12
10
7
7
9
1
12
5
0
3
6
7
15
11
12
13
4
13
5
6
11
9
7
10
11
12
4
13
9
13
12
9
9
11
9
11
11
13
9
0
3
18
4
11
9
10
5
18
8
12
7
4
9
5
7
12
6
10
11
9
6
9
4
15
9
6
10
15
9
10
10
9
12
6
13
12
6
10
8
10
7
12
11
4
14
7
5
12
7
9
14
50
12
9
14
10
16
6
6
7
8
6
12
7
10
7
11
19
5
7
9
7
3
3
7
21
9
5
14
9
5
6
5
7
7
3
7
17
8
9
6
3
9
14
10
4
8
3
8
5
5
17
9
10
10
11
8
9
8
5
10
9
8
11
12
13
13
4
4
9
5
2
4
7
9
6
10
5
4
6
3
6
8
8
13
10
9
5
12
14
11
14
10
0
6
4
4
5
8
13
14
9
13
17
8
17
5
6
4
6
6
3
9
5
0
7
12
7
4
6
10
6
8
6
7
15
12
12
2
15
10
8
13
8
2
9
5
12
4
3
3
7
14
8
9
4
5
11
5
16
0
7
0
7
10
9
8
5
5
6
4
4
6
6
6
9
0
3
4
7
4
6
10
2
7
2
3
5
12
8
7
2
10
6
1
6
12
5
2
5
6
2
5
4
5
10
12
4
6
6
4
7
8
4
7
4
2
4
10
3
9
7
9
4
7
6
15
4
5
12
1
2
3
3
10
12
13
7
1
3
8
15
3
5
7
4
10
9
9
11
17
5
5
3
1
4
5
4
6
4
5
15
4
7
5
9
4
3
2
17
9
9
16
12
5
6
1
5
8
6
5
0
0
0
0
0
0
0
0
0
0
0
0
0
