4
7
2
2
7
8
6
4
3
7
5
6
0
1
1
6
12
4
24
1
9
3
3
2
0
0
6
1
0
6
0
0
0
1
1
0
3
4
0
18
4
14
2
1
1
11
1
0
5
6
9
0
6
0
18
4
15
2
8
18
0
5
2
20
15
15
5
3
2
9
5
18
24
21
29
24
3
21
7
5
12
22
15
7
4
3
2
27
7
0
8
5
7
3
1
9
9
0
10
16
0
4
0
12
6
14
14
15
6
13
38
22
17
20
31
16
11
18
16
7
12
23
0
14
0
9
13
18
14
20
17
14
9
13
27
23
18
15
15
20
14
23
20
17
21
17
26
14
12
0
6
14
17
25
25
22
24
14
21
24
16
0
11
38
23
25
12
17
6
8
1
29
13
4
25
8
13
12
22
9
18
4
17
0
10
18
22
16
13
9
9
19
18
26
31
4
0
18
10
16
18
5
25
0
0
16
13
19
33
20
31
10
17
16
18
15
13
19
10
16
16
13
10
10
18
7
21
16
15
16
28
10
9
11
11
12
14
12
10
40
8
16
12
10
6
16
8
17
7
14
9
14
2
4
16
15
10
16
11
12
8
15
14
29
8
4
14
17
8
11
15
14
5
13
24
5
0
3
8
13
7
5
4
4
5
7
1
1
10
0
6
10
5
18
12
14
27
8
18
17
3
0
7
10
7
11
5
0
6
3
14
18
14
12
16
18
11
17
16
12
10
10
9
11
14
14
8
10
11
6
0
11
10
11
8
17
15
10
3
9
15
10
14
16
22
16
20
10
14
21
33
19
20
3
16
5
6
15
11
11
14
8
0
11
7
7
23
20
14
9
3
22
13
25
7
0
20
0
11
4
6
12
5
10
0
15
6
10
6
5
7
2
7
6
10
27
8
0
9
8
6
8
9
5
3
3
5
4
6
13
9
8
10
5
8
12
8
11
7
2
8
5
4
6
7
4
5
9
7
13
8
6
7
10
10
3
6
7
4
12
5
8
13
11
13
10
5
9
8
9
10
5
2
4
7
8
9
5
0
1
12
11
14
10
13
8
18
8
8
11
8
11
7
15
3
2
14
20
8
6
11
9
0
7
15
12
8
13
13
10
6
26
11
17
19
10
16
15
0
9
14
18
3
14
6
11
11
8
16
0
7
0
6
5
9
7
6
5
3
6
0
0
14
6
14
3
11
4
18
0
3
4
1
8
21
22
8
7
7
11
3
5
1
1
1
3
11
8
2
13
11
7
1
1
2
2
10
7
10
6
4
7
6
5
7
3
5
4
9
7
3
8
4
5
5
3
5
6
3
6
7
5
10
5
4
8
3
8
21
3
14
8
8
6
5
6
8
6
6
9
11
7
13
7
3
8
5
4
5
9
0
9
4
12
8
5
8
2
1
0
4
5
5
7
13
2
8
8
6
5
10
4
7
11
9
12
5
6
7
4
8
6
6
0
12
6
2
9
3
6
3
6
2
3
8
0
6
0
3
8
2
5
6
3
7
7
3
11
2
4
1
33
3
6
3
3
4
2
14
14
1
14
3
6
6
26
12
2
4
5
11
4
2
11
4
4
6
4
3
3
3
6
4
4
10
6
6
3
4
5
7
2
5
5
10
6
2
11
5
4
6
9
6
7
11
5
6
6
20
2
2
2
4
4
6
4
3
5
4
2
2
10
3
6
6
5
4
5
6
4
2
4
10
1
4
11
2
13
3
2
2
2
2
5
2
10
5
5
14
4
1
4
6
12
2
4
6
1
3
3
2
2
0
0
0
0
3
0
3
2
2
4
4
3
2
2
2
3
7
0
