9
3
9
5
6
6
3
12
4
8
14
3
3
12
10
5
5
5
2
7
2
9
7
14
5
6
2
4
7
7
21
3
2
9
6
6
9
2
7
3
9
12
14
4
13
10
15
6
3
21
16
3
3
2
2
12
9
2
9
2
5
11
12
4
7
5
10
2
8
17
7
5
3
3
5
12
2
9
15
6
2
7
9
5
5
3
13
10
10
10
16
8
11
4
10
7
5
7
11
2
12
6
4
9
1
7
14
4
7
4
6
2
5
1
7
2
7
7
6
3
7
3
8
26
1
12
3
4
1
3
10
5
6
2
7
15
4
2
4
5
3
8
3
9
7
2
9
8
5
9
7
9
4
9
5
3
6
2
2
6
9
2
2
6
3
3
4
3
5
2
11
14
1
7
9
7
5
15
2
6
7
7
8
7
5
9
1
3
8
9
15
10
2
6
5
3
5
13
8
8
7
6
12
4
2
2
4
10
7
1
10
13
4
9
10
9
3
4
14
11
4
3
4
5
2
7
11
11
10
2
9
12
5
10
8
13
4
8
4
4
11
7
4
2
9
5
5
2
2
10
3
11
9
9
8
4
7
6
6
7
3
7
11
4
4
6
3
3
12
7
10
12
8
5
7
3
6
7
4
3
3
12
6
3
10
3
6
4
2
6
5
6
2
12
7
6
4
2
12
6
4
3
9
19
1
11
6
3
7
15
8
6
2
5
11
10
3
13
11
7
15
13
5
5
4
3
3
7
7
4
9
11
12
5
8
8
2
5
6
3
6
15
2
6
5
6
8
4
5
7
8
5
4
10
9
5
7
12
7
5
5
12
8
4
1
2
3
1
2
10
4
6
3
2
7
4
5
8
5
8
8
2
7
14
9
6
1
4
12
8
6
3
5
3
14
8
3
5
18
11
4
6
6
2
6
21
10
5
9
2
2
12
7
10
9
2
14
19
8
3
4
9
5
4
8
6
10
2
4
4
7
5
13
6
4
9
14
15
9
3
3
6
6
2
6
34
19
5
5
5
6
13
2
9
4
4
7
7
3
2
2
3
6
4
7
11
7
4
7
7
6
4
10
11
8
8
5
9
15
12
2
3
4
7
3
4
6
4
3
5
3
12
6
5
13
4
5
7
13
2
9
5
9
14
8
9
3
9
3
6
13
9
6
3
3
9
4
2
3
2
5
3
8
3
2
8
20
6
5
3
12
3
1
13
11
10
10
5
23
1
4
2
12
8
8
13
6
2
15
5
13
17
4
5
3
2
9
2
21
13
4
2
17
3
8
2
5
6
8
1
27
3
14
9
6
2
2
9
8
7
7
1
13
9
3
3
8
2
13
8
1
10
2
11
6
6
1
10
5
2
12
4
0
6
4
6
3
1
8
9
2
8
4
4
14
3
13
3
2
8
9
3
1
10
7
9
6
19
9
7
9
5
14
7
8
2
15
6
7
11
3
9
10
11
6
10
12
7
3
7
5
8
2
11
6
0
7
9
6
5
13
2
11
3
8
4
4
2
3
9
2
12
7
34
6
8
4
5
6
3
6
6
5
8
1
8
8
9
6
7
15
8
8
5
7
2
13
8
2
3
10
7
4
4
14
5
6
3
7
5
5
0
12
12
8
6
5
2
3
4
6
4
4
5
9
8
6
6
2
2
5
4
10
16
12
12
2
4
