16
12
18
19
10
25
26
13
20
17
22
29
17
17
17
17
2
4
14
2
22
17
3
22
16
4
23
23
6
13
16
23
3
18
23
18
5
7
3
23
27
17
4
4
5
4
19
6
3
3
2
2
21
3
8
3
13
9
22
3
14
5
18
12
13
2
17
5
2
4
4
3
5
21
3
23
21
17
13
25
4
7
3
18
6
18
16
22
20
9
5
14
21
10
12
6
8
15
5
3
6
14
17
6
16
5
10
23
23
8
13
14
9
16
16
6
6
15
4
10
21
11
20
14
8
9
3
18
4
21
14
5
3
2
12
4
10
7
10
11
5
7
7
13
12
9
4
3
3
10
11
4
12
15
12
6
9
3
4
5
16
9
6
5
9
13
9
18
8
6
16
15
10
14
10
26
10
9
12
14
15
6
12
9
8
2
7
28
4
19
16
11
23
8
3
15
6
8
12
22
17
5
7
7
29
8
6
27
16
22
16
18
11
14
10
13
13
28
18
18
13
21
10
5
4
10
16
14
18
16
6
10
7
8
8
13
14
19
3
7
12
4
7
6
10
11
13
5
3
10
20
9
3
7
9
18
10
9
9
12
4
5
13
13
12
12
9
17
5
25
23
2
6
19
5
8
13
8
7
16
3
13
17
15
6
7
5
5
22
2
7
15
6
5
8
13
12
11
7
11
9
25
10
9
4
8
16
25
15
9
6
10
8
15
10
5
13
14
2
15
4
8
5
7
9
11
2
10
8
10
19
13
3
4
19
19
7
14
8
18
13
9
23
13
5
22
5
17
3
4
12
15
9
11
3
4
8
20
5
6
11
7
12
3
5
11
5
29
4
13
4
14
5
13
11
6
8
4
19
20
4
9
6
22
17
13
10
8
3
14
7
17
12
15
10
7
15
13
4
12
13
8
12
17
5
13
7
13
13
9
4
14
12
3
4
6
9
8
11
8
11
12
14
3
11
6
10
13
12
5
11
4
12
4
5
7
9
11
9
7
11
3
12
7
9
13
10
10
17
9
5
12
10
15
16
11
9
10
3
10
10
10
18
4
3
10
17
11
11
16
12
4
6
11
3
3
7
10
21
13
10
7
5
6
7
5
7
17
8
15
18
9
16
6
12
17
13
9
14
17
11
8
12
20
13
13
19
18
6
16
2
5
16
9
15
12
15
9
9
8
8
26
5
3
8
12
17
19
12
7
17
9
7
5
5
2
4
3
16
2
4
6
5
20
2
5
20
4
5
4
10
10
5
2
