7
10
8
9
3
7
2
14
18
15
15
14
15
2
4
2
1
3
4
10
5
4
1
7
1
6
1
3
18
3
5
10
6
7
9
9
3
4
21
9
19
4
9
27
2
3
6
8
9
18
3
9
15
2
6
4
10
11
8
13
6
17
13
14
8
13
11
5
9
12
12
14
15
11
10
15
16
19
9
13
18
12
22
17
13
8
10
6
14
10
15
14
7
10
3
9
8
23
14
12
0
19
18
10
9
0
31
0
9
14
16
13
6
8
8
12
1
18
11
16
18
29
21
29
13
6
10
22
13
4
2
9
14
10
17
6
8
11
12
17
7
6
15
11
9
26
7
22
22
12
9
11
17
15
10
13
17
33
0
19
11
14
15
9
12
23
25
14
13
15
16
16
11
34
11
13
14
12
7
16
14
12
17
8
13
15
21
17
17
18
15
22
0
11
14
7
0
9
16
14
17
6
14
11
5
6
3
27
10
19
23
16
21
4
9
6
1
5
15
15
9
1
19
7
7
3
10
26
18
18
10
8
9
21
1
0
30
0
11
14
26
12
6
21
20
3
3
14
7
6
16
12
11
20
20
17
19
19
12
12
2
4
17
28
16
23
0
30
0
9
43
0
15
0
0
10
10
13
12
7
10
19
12
12
15
19
22
19
0
13
11
18
15
20
10
16
18
14
20
11
9
6
15
5
16
12
15
15
16
12
0
23
15
19
10
22
16
14
18
15
8
19
13
14
11
10
11
14
25
19
19
20
15
8
12
15
15
15
17
14
13
7
12
0
12
12
12
24
17
0
11
10
17
8
8
15
8
12
20
17
9
15
20
0
16
14
16
0
13
16
13
15
12
16
11
0
9
8
0
15
17
0
0
16
14
18
12
0
13
11
0
14
19
19
14
17
18
18
12
0
15
10
0
19
11
0
10
0
17
0
0
12
17
18
8
14
14
0
12
14
15
9
11
15
5
0
9
17
12
11
0
9
12
15
0
14
16
13
14
0
16
10
13
14
15
0
10
11
8
17
15
14
17
15
25
16
21
16
10
5
22
15
0
25
14
18
17
11
14
10
17
16
12
9
12
21
15
16
24
14
19
16
18
0
16
19
0
0
0
0
12
15
0
0
23
16
15
17
17
0
0
24
16
16
0
10
10
0
0
0
0
0
0
0
0
0
0
0
0
0
0
0
0
0
0
0
0
0
0
0
23
0
0
0
0
15
13
0
16
8
17
0
18
0
16
15
0
0
15
15
22
22
18
18
18
0
0
0
0
0
0
0
0
0
0
0
0
31
0
0
0
0
0
0
0
0
0
27
0
0
0
0
0
0
0
0
0
27
0
0
0
0
0
0
0
0
0
0
0
0
0
0
0
0
11
0
0
27
0
0
0
0
0
0
0
0
0
0
0
0
0
0
0
0
0
0
0
0
0
0
0
0
0
0
0
0
0
0
0
0
0
0
0
0
0
0
0
0
0
0
0
0
0
0
0
5
7
7
13
7
0
