0
44
4
0
7
23
5
0
12
39
7
8
24
9
12
30
11
12
0
8
14
0
8
0
11
11
8
13
0
3
0
18
0
15
32
9
0
13
0
8
8
0
9
13
13
28
15
12
9
16
22
11
0
0
22
8
9
13
25
42
35
5
11
0
13
8
9
32
12
15
10
9
0
14
16
13
9
6
10
12
3
7
14
10
11
9
16
15
12
8
15
16
18
15
6
37
9
13
12
16
12
6
12
10
12
11
9
13
22
14
0
21
15
10
6
14
10
0
11
10
22
0
12
11
10
10
0
17
11
8
6
7
11
16
20
23
10
3
10
11
7
13
14
39
38
20
6
16
16
39
11
11
20
10
13
5
36
19
12
10
10
0
9
15
8
18
11
19
23
15
0
7
21
9
13
19
10
0
8
0
10
23
9
16
0
15
18
9
40
16
10
17
13
16
11
14
11
15
8
12
17
7
14
11
10
19
0
22
40
9
11
6
0
15
9
10
15
4
10
2
20
9
15
20
15
7
25
18
19
11
0
18
20
12
0
0
9
6
0
39
24
10
13
31
12
15
16
10
26
9
10
23
10
9
0
9
13
43
15
15
10
7
0
17
33
13
0
8
6
8
31
9
27
48
7
21
14
18
13
28
10
10
25
11
12
12
5
21
10
10
12
11
13
10
3
10
0
17
11
29
15
7
26
10
6
27
10
15
0
29
13
10
7
14
23
5
10
8
23
9
0
27
13
8
15
0
8
12
10
18
12
3
13
17
0
13
13
15
8
23
7
3
29
15
4
24
7
12
12
6
12
46
16
21
11
13
23
9
14
39
9
18
13
22
7
8
41
7
10
15
28
23
5
12
9
8
15
16
4
17
8
9
4
17
15
20
16
11
47
11
10
6
21
35
9
9
0
18
18
14
10
47
9
12
0
8
11
21
16
11
8
7
15
0
10
7
13
8
10
15
22
27
14
14
11
8
0
28
12
13
7
11
33
9
7
13
8
26
10
8
21
14
14
38
0
16
16
31
10
30
14
0
0
0
14
18
7
8
14
16
0
14
4
24
11
9
1
8
6
22
14
11
18
34
15
7
17
7
7
13
19
31
11
15
14
11
12
0
6
13
11
0
9
10
13
18
0
7
22
11
10
27
0
13
8
10
9
12
28
8
8
0
12
20
0
0
7
10
0
0
11
22
11
8
21
8
43
17
13
12
10
0
10
8
13
8
19
17
5
0
13
0
13
0
25
19
20
6
14
19
9
8
15
35
0
15
20
13
3
10
23
16
10
11
0
50
19
17
27
10
6
9
39
13
24
12
0
21
36
8
6
13
11
13
6
19
40
10
4
13
23
16
22
0
19
0
13
10
0
18
10
15
12
11
0
13
9
6
46
16
9
10
0
14
14
0
18
9
30
0
11
9
14
7
0
18
11
10
7
25
5
14
0
13
0
10
12
21
17
12
13
8
28
32
8
26
6
15
5
11
38
5
11
0
8
20
14
27
14
26
10
16
0
0
18
7
13
33
13
0
0
10
12
13
20
10
41
0
13
13
0
10
9
19
15
15
23
0
9
11
31
8
14
12
10
0
11
7
0
0
34
9
22
8
0
13
6
14
30
11
0
12
12
13
0
22
15
0
8
7
10
22
11
0
11
19
0
32
8
9
19
10
15
10
17
13
11
9
13
0
20
9
8
14
28
11
5
12
17
12
23
9
20
0
2
9
17
7
9
0
14
14
8
57
9
9
13
9
13
10
32
9
8
8
0
11
20
12
11
12
13
11
9
12
11
15
10
21
0
7
22
14
23
35
10
7
11
11
16
10
12
9
5
14
13
75
9
23
8
14
16
9
8
12
22
10
12
0
7
11
12
12
0
39
9
9
18
7
1
11
9
10
13
36
9
21
22
18
24
17
7
18
17
31
18
23
24
11
19
12
11
13
16
6
46
6
25
16
8
10
15
12
15
30
11
9
30
0
8
16
39
6
14
55
27
10
0
0
9
0
0
14
12
18
0
10
34
4
15
11
14
12
11
9
12
0
35
46
4
9
0
12
10
12
10
26
9
10
16
0
18
15
6
18
0
26
10
9
11
43
10
13
28
0
12
15
12
13
14
12
11
10
21
12
14
17
20
0
11
12
13
3
15
8
24
8
12
0
13
13
13
11
26
13
25
12
13
0
13
9
20
15
9
10
7
19
12
0
15
18
11
20
9
0
11
20
22
0
11
30
11
15
0
49
9
0
14
15
11
17
70
18
10
11
9
0
8
12
0
14
12
13
0
15
33
39
20
13
4
11
26
22
16
10
8
13
10
16
15
14
8
12
27
9
6
11
12
4
13
15
0
8
51
11
6
7
32
12
0
14
11
0
11
12
10
30
16
12
8
15
39
13
8
14
0
10
10
11
0
0
30
12
17
20
8
39
17
9
9
66
9
31
19
16
28
0
11
15
11
17
11
8
39
12
12
10
11
8
23
32
0
11
20
0
36
6
17
5
16
8
0
12
13
11
12
4
15
13
8
0
19
0
39
8
0
8
24
0
10
0
15
43
2
22
23
18
9
20
10
15
13
10
13
19
9
16
10
11
9
11
7
14
5
16
20
0
16
9
0
19
0
14
32
10
15
17
22
11
9
22
0
21
10
15
9
30
8
15
16
9
4
18
11
12
10
6
15
16
14
20
20
8
13
13
11
0
38
26
27
11
13
14
50
12
10
11
18
8
31
15
16
15
11
7
20
65
10
38
13
22
7
33
15
16
17
6
34
0
4
10
13
11
11
18
0
6
10
6
11
14
9
25
17
12
0
9
9
11
15
4
11
17
10
9
9
0
29
0
10
10
12
26
10
18
14
11
15
29
10
33
16
17
21
0
0
15
28
9
0
9
0
15
21
15
8
9
15
10
15
22
14
14
18
31
25
0
4
6
0
43
31
19
13
32
0
19
12
14
27
4
12
15
0
12
0
21
15
8
9
11
52
16
16
10
11
17
15
14
16
46
10
51
3
0
0
18
8
10
7
9
0
47
13
19
14
10
13
13
0
13
16
4
12
17
11
0
8
13
7
9
8
17
30
8
11
9
11
10
0
40
18
0
6
15
19
9
4
39
12
11
24
10
0
11
26
0
20
10
15
11
46
14
15
17
14
12
11
19
14
13
0
13
10
0
7
6
9
31
7
0
13
17
16
0
11
37
0
14
12
0
11
13
5
12
0
9
10
25
32
4
18
13
21
12
11
0
14
14
28
25
11
28
0
9
9
17
10
17
15
24
9
15
12
21
9
28
9
25
0
37
13
11
15
15
31
17
18
18
38
19
11
15
13
9
50
5
20
20
17
0
19
14
41
8
12
0
16
15
9
20
14
14
12
10
3
8
7
19
7
13
9
10
11
18
34
9
11
12
0
11
19
12
11
13
12
5
38
12
6
28
10
0
11
13
35
16
10
19
10
7
25
14
11
12
11
23
15
15
28
17
15
0
49
21
11
23
14
10
14
12
10
9
18
22
17
46
34
10
8
14
9
20
11
56
21
15
30
19
12
16
26
9
32
26
0
8
12
9
23
21
13
9
0
10
41
7
0
12
23
11
18
12
10
19
10
25
17
11
0
0
32
0
11
10
10
13
12
8
15
18
11
14
9
0
47
0
9
4
13
12
12
16
8
27
14
9
9
8
18
35
10
10
25
14
9
11
10
29
9
36
18
18
6
37
13
25
18
17
9
19
11
15
13
16
11
61
7
13
13
6
5
11
25
10
10
23
0
31
32
13
17
15
21
17
9
15
11
0
48
7
12
17
24
8
20
7
6
32
17
12
0
29
17
11
10
7
0
12
9
29
24
36
10
6
17
34
12
16
9
8
19
9
9
22
17
10
41
32
8
19
8
7
0
0
18
0
0
9
30
22
32
0
34
11
10
30
0
22
0
9
19
14
10
12
13
69
0
8
0
0
12
0
10
13
8
21
13
10
10
8
14
7
0
13
0
37
8
13
9
0
15
19
8
25
12
23
11
0
0
7
0
13
14
11
12
0
0
11
14
0
14
12
14
12
7
14
6
9
15
9
8
0
0
12
11
11
12
16
16
7
10
8
7
18
19
10
8
0
30
15
22
11
7
7
0
7
13
11
11
0
20
26
8
0
12
14
14
17
21
12
15
11
12
8
9
0
10
22
11
24
12
10
14
17
17
13
12
7
11
20
16
10
15
8
28
9
18
1
7
8
28
17
15
11
9
11
18
8
8
16
10
13
9
13
9
6
21
0
0
9
16
12
17
9
12
12
31
9
0
14
15
16
4
7
0
11
15
10
18
35
7
16
9
12
0
7
22
20
9
28
24
19
15
5
8
17
10
14
12
14
37
11
27
29
8
0
0
0
2
11
0
0
13
14
22
12
20
8
17
6
22
30
11
0
21
19
12
0
13
34
10
8
7
9
25
36
15
14
10
20
46
16
10
3
0
0
13
10
25
17
18
35
11
0
18
7
15
41
7
0
9
17
10
12
40
10
9
0
27
12
26
51
12
11
12
8
54
17
32
7
5
2
10
34
0
10
10
4
11
8
11
15
8
11
11
8
0
0
13
6
28
9
14
0
0
7
7
7
20
31
9
24
29
10
0
10
16
10
17
9
11
8
22
10
12
16
14
17
10
11
34
0
12
26
11
31
27
0
11
26
10
22
10
14
35
54
5
8
7
8
18
11
10
10
13
15
19
21
21
39
18
31
26
32
12
24
10
6
6
14
24
26
1
1
0
0
0
1
0
1
1
1
1
1
1
0
0
0
0
1
0
0
1
1
1
1
0
1
0
1
2
1
1
2
0
1
1
0
1
1
1
1
1
1
0
1
0
1
1
0
0
1
1
0
0
1
0
0
1
2
1
1
0
1
0
1
1
0
1
1
1
1
1
0
0
1
1
0
1
1
1
1
0
0
1
