13
14
21
16
16
15
19
20
9
16
24
21
20
17
15
17
13
0
47
15
15
9
10
22
26
14
14
14
14
20
14
14
20
15
19
23
21
16
15
19
26
21
20
25
25
20
22
15
18
11
18
11
15
6
14
17
16
12
21
24
16
21
17
13
17
18
13
23
23
23
21
20
16
17
28
17
21
12
19
21
22
15
18
19
17
23
9
12
22
10
15
19
23
18
12
16
9
0
19
17
0
17
21
18
20
0
43
13
22
17
20
0
0
25
22
19
25
24
16
22
18
24
21
27
23
26
21
23
30
19
26
23
21
18
28
23
22
12
19
19
30
24
23
20
9
17
21
0
0
20
26
21
12
12
22
11
22
16
27
23
13
24
19
20
23
32
28
31
20
17
17
24
20
13
21
23
15
22
17
23
15
16
22
19
22
19
19
27
25
31
22
15
22
23
24
17
15
29
23
31
16
23
12
11
12
28
20
15
15
24
10
15
14
11
7
19
18
26
11
17
22
19
21
13
14
17
19
17
20
29
18
28
11
16
9
20
28
22
24
17
25
9
7
25
0
10
18
14
24
17
8
6
11
7
0
0
0
0
0
0
43
43
0
47
43
43
47
43
43
43
0
0
43
43
43
0
43
0
43
43
21
0
0
0
0
47
43
0
0
43
0
43
0
0
24
0
0
0
0
43
43
43
43
43
44
0
47
43
43
44
47
43
43
47
47
47
0
43
43
0
0
43
0
0
0
44
43
0
44
44
0
44
44
44
0
0
0
44
44
44
0
0
44
44
0
0
0
0
44
44
0
44
0
0
0
0
0
0
0
0
0
0
0
0
0
0
0
0
0
0
0
0
0
0
0
0
0
0
0
0
0
0
0
0
0
0
0
0
0
0
0
0
0
0
0
0
0
0
0
0
0
0
0
0
0
0
0
0
0
0
0
0
0
0
0
0
0
0
0
0
0
0
0
0
0
0
0
0
0
0
0
0
0
0
0
0
0
0
0
0
0
0
0
0
0
0
0
0
0
0
0
0
0
0
0
0
0
0
0
0
0
0
0
0
0
0
0
0
0
0
0
0
0
0
0
0
0
0
0
0
0
0
0
0
0
0
0
0
0
0
0
0
0
0
17
0
0
0
0
0
0
0
0
0
0
0
0
0
0
0
0
0
0
0
0
0
0
0
0
0
0
0
0
0
0
0
0
0
0
0
0
0
0
0
0
0
0
0
0
0
0
0
0
0
0
0
0
0
0
0
0
0
0
0
0
0
0
0
0
0
0
0
0
0
0
0
0
0
0
0
0
0
0
0
0
0
0
0
0
0
0
0
0
0
0
0
0
0
0
0
0
0
0
0
0
0
0
0
0
0
0
0
0
0
0
0
22
0
0
15
